测站点,测回数,半测回标志,观测点,水平方向,,,垂直方向,,,距离,棱镜高,测站高,,转换到盘左的Hz,,,转换到竖直角Vz,,,,水平角2C差,,,垂直角指标差,,距离差（测回内）,,（一测回）水平方向平均值,,,垂直方向平均值,,,距离平均值,,（多测回）水平方向平均值,,,垂直方向平均值,,,距离平均值,,（与多测回平均值的差）水平角差,,,垂直角差,,,距离差
p1,0,L,p2,10,0,0.3036631647191257,90,6,20.375157912845907,43.3788382779,0.2905,0.2865000069,,,,90,6,20.375157912845907,,0,0,-1.191305120296107,0,0,1.198196470093125,0.0,,10,0,0.8993157248653461,90,6,19.776059677811872,43.3788382779,,10,0,1.0291536908184185,90,6,20.042223783709687,43.378893833511114,,0,0,-0.1298379659516153,0,0,-0.266164105928176,-5.555561111236784e-05
,,,p5,290,25,1.9556997193831194,90,2,31.29886669552093,63.8971563835,0.289,0.2865000069,,,,90,2,31.29886669552093,,0,0,1.0109678001180145,0,0,1.076768378684451,-0.00010000000000331966,,290,25,1.450215819704681,90,2,30.76048250619465,63.8972063835,,290,25,1.8575441210714416,90,2,30.207917424836523,63.89738416141111,,0,0,-0.4073283012572993,0,0,0.5525650813891794,-0.0001777779111122868
,,,p2-1,10,0,1.7817773927646385,90,6,20.36385460143265,43.378938278,0.2905,0.2865000069,,,,90,6,20.36385460143265,,0,0,1.0786596989544213,0,0,0.5298366184367013,0.00010000009999799886,,10,0,1.2424475432865734,90,6,20.09893629221665,43.37888827795,,10,0,0.9745450833584357,90,6,20.392880829867863,43.37887161126667,,0,0,0.26790245993083506,0,0,-0.29394453763725303,1.6666683329447096e-05
,1,,p2,10,0,2.168503277999889,90,6,20.813986288109163,43.3788382779,0.2905,0.2865000069,,,,90,6,20.813986288109163,,0,0,1.8259158389960444,0,0,1.319480176262879,0.0,,10,0,1.2555453584965903,90,6,20.154246199987256,43.3788382779,,,,,,,,,,0,0,0.2263916676797126,0,0,0.11202241624417689,-5.555561111236784e-05
,,,p5,290,24,59.27576297131964,90,2,32.39794871556569,63.8973563836,0.289,0.2865000069,,,,90,2,32.39794871556569,,0,0,-3.005544266012184,0,0,2.1599680086390416,0.0,,290,25,0.778535104382172,90,2,31.317964711284958,63.8973563836,,,,,,,,,,0,0,-1.0790090165690707,0,0,1.1100472864792161,-2.7777811112628115e-05
,,,p2-1,10,0,2.0377313908376493,90,6,20.989187614528646,43.3790382781,0.2905,0.2865000069,,,,90,6,20.989187614528646,,0,0,2.4268889784749885,0,0,2.108009904043164,0.00020000019999599772,,10,0,0.824286901602278,90,6,19.935182662501347,43.378938278,,,,,,,,,,0,0,-0.1502581817536045,0,0,-0.45769816735486263,6.666673333199924e-05
,2,,p2,10,0,2.0493853523966266,90,6,21.17645543211438,43.3790382781,0.2905,0.2865000069,,,,90,6,21.17645543211438,,0,0,2.7298919788699614,0,0,3.387119847059343,0.00010000009999799886,,10,0,0.6844393629648948,90,6,19.48289550859613,43.37898827805,,,,,,,,,,0,0,-0.3447143278509077,0,0,-0.5593282751212929,9.444453888818316e-05
,,,p5,290,25,2.9876631715978874,90,2,31.31320209952719,63.8973563836,0.289,0.2865000069,,,,90,2,31.31320209952719,,0,0,0.20191472402103366,0,0,3.91722039909871,-0.00020000020000310315,,290,25,2.8867058098057896,90,2,29.354591900009837,63.8974563837,,,,,,,,,,0,0,1.0291616888483015,0,0,-0.8533255248342595,7.222228889247617e-05
,,,p2-1,10,0,1.7751769189779054,90,6,20.418741666386495,43.3787382778,0.2905,0.2865000069,,,,90,6,20.418741666386495,,0,0,1.204811254450575,0,0,0.2606404197432165,-0.00010000010000510429,,10,0,1.1727712917469546,90,6,20.2884214565438,43.37878827785,,,,,,,,,,0,0,0.19822620839205046,0,0,-0.10445937331808088,-8.333341666855176e-05
,3,,p2,10,0,1.5075895858224442,90,6,21.520010093441897,43.3788382779,0.2905,0.2865000069,,,,90,6,21.520010093441897,,0,0,1.1770686379762805,0,0,2.720018210641931,0.00010000010000510429,,10,0,0.9190552668343344,90,6,20.160000988121283,43.37878827785,,,,,,,,,,0,0,-0.11009842398641068,0,0,0.11777720440242427,-0.00010555566111491999
,,,p5,290,25,0.45378253287253756,90,2,31.734559845687045,63.8973563836,0.289,0.2865000069,,,,90,2,31.734559845687045,,0,0,-0.35145249798129824,0,0,2.9562945461451777,-0.00010000010000510429,,290,25,0.6295087817079548,90,2,30.256412572650788,63.89740638365,,,,,,,,,,0,0,-1.2280353393218943,0,0,0.04849514780778049,2.222223888992403e-05
,,,p2-1,10,0,1.1654994046608635,90,6,20.31942516215622,43.3788382779,0.2905,0.2865000069,,,,90,6,20.31942516215622,,0,0,0.861009075410562,0,0,0.46397626584869195,0.0,,10,0,0.7349948669528317,90,6,20.0874370292604,43.3788382779,,,,,,,,,,0,0,-0.23955021640368063,0,0,-0.30544380062098214,-3.333336666599962e-05
,4,,p2,10,0,0.7050544776745937,90,6,22.168259126467547,43.3788382779,0.2905,0.2865000069,,,,90,6,22.168259126467547,,0,0,-0.4296929496796872,0,0,3.087747107234089,0.0,,10,0,0.9199009525190149,90,6,20.62438557287237,43.3788382779,,,,,,,,,,0,0,-0.10925273829670021,0,0,0.5821617891385004,-5.555561111236784e-05
,,,p5,290,25,0.882483306031645,90,2,32.54881079484903,63.8973563836,0.289,0.2865000069,,,,90,2,32.54881079484903,,0,0,-0.5980214474350893,0,0,3.115922879762917,-0.000300000300001102,,290,25,1.1814940297199428,90,2,30.990849354991497,63.89750638375,,,,,,,,,,0,0,-0.676050091269363,0,0,0.7829319301624927,0.0001222223388879229
,,,p2-1,10,0,0.5775828274153127,90,6,21.023984487393363,43.378938278,0.2905,0.2865000069,,,,90,6,21.023984487393363,,0,0,-0.3952467270087531,0,0,0.9425312428472074,0.0,,10,0,0.7752061909194197,90,6,20.552718865948236,43.378938278,,,,,,,,,,0,0,-0.19933889243638342,0,0,0.15983803609650782,6.666673333199924e-05
,5,,p2,10,0,0.8551740036622846,90,6,22.16398944500156,43.378938278,0.2905,0.2865000069,,,,90,6,22.16398944500156,,0,0,-0.1589085120356131,0,0,3.855712233824615,0.0,,10,0,0.9346282596816025,90,6,20.236133328105552,43.378938278,,,,,,,,,,0,0,-0.09452543113726435,0,0,0.19390954436704735,4.444448888563102e-05
,,,p5,290,25,1.191963021256015,90,2,31.551458577216636,63.8974563837,0.289,0.2865000069,,,,90,2,31.551458577216636,,0,0,-1.5863805195993197,0,0,4.1690903540078565,0.00010000010000510429,,290,25,1.9851532810207573,90,2,29.466913400181056,63.89740638365,,,,,,,,,,0,0,0.12760916006436915,0,0,-0.7410040246420779,2.222223888992403e-05
,,,p2-1,9,59,59.45795683262517,90,6,23.15678321048381,43.378938278,0.2905,0.2865000069,,,,90,6,23.15678321048381,,0,0,-2.4279657661666114,0,0,4.680070158483261,0.00010000009999799886,,10,0,0.6719397157084472,90,6,20.816748131189797,43.37888827795,,,,,,,,,,0,0,-0.302605367646526,0,0,0.42386730133238887,1.6666683329447096e-05
,6,,p2,10,0,1.143965358888721,90,6,22.142909181783352,43.3788382779,0.2905,0.2865000069,,,,90,6,22.142909181783352,,0,0,-0.5504197408207699,0,0,4.117090996218318,-0.00010000009999799886,,10,0,1.4191752293015725,90,6,20.084363683675974,43.37888827795,,,,,,,,,,0,0,0.3900215384861591,0,0,0.042139899967953684,-5.555561116921126e-06
,,,p5,290,24,59.80976192837261,90,2,31.116755498077282,63.8974563837,0.289,0.2865000069,,,,90,2,31.116755498077282,,0,0,-2.135416180678468,0,0,4.803787789339113,0.00020000020000310315,,290,25,0.8774700187359485,90,2,28.714861603446025,63.8973563836,,,,,,,,,,0,0,-0.9800741023107371,0,0,-1.4930558213963654,-2.7777811112628115e-05
,,,p2-1,10,0,0.8177988207712872,90,6,21.814061201180266,43.3787382778,0.2905,0.2865000069,,,,90,6,21.814061201180266,,0,0,-0.8797421304606983,0,0,2.9778492183494416,-0.00020000020000310315,,10,0,1.2576698860009117,90,6,20.32513659205165,43.3788382779,,,,,,,,,,0,0,0.2831248026433234,0,0,-0.06774423779107296,-3.333336666599962e-05
,7,,p2,10,0,1.196851655210196,90,6,22.195960489974595,43.378938278,0.2905,0.2865000069,,,,90,6,22.195960489974595,,0,0,-0.31626793269995335,0,0,4.267375534026954,-0.00010000009999799886,,10,0,1.354985621560445,90,6,20.06227272296087,43.37898827805,,,,,,,,,,0,0,0.3258319307437143,0,0,0.020048939223074873,9.444453888818316e-05
,,,p5,290,25,2.5938005239368067,90,2,31.869725173321513,63.8973563836,0.289,0.2865000069,,,,90,2,31.869725173321513,,0,0,-2.647056032771674,0,0,3.3056865014103622,0.00010000009999799886,,290,25,3.9173285405922798,90,2,30.21688192256306,63.89730638355,,,,,,,,,,0,0,2.0597844196454735,0,0,0.00896449771734291,-7.777786110807483e-05
,,,p2-1,10,0,0.638039042124916,90,6,21.863564754718254,43.3786382777,0.2905,0.2865000069,,,,90,6,21.863564754718254,,0,0,-1.0289334647630226,0,0,2.1437968478194613,-0.000300000300001102,,10,0,1.1525057745082279,90,6,20.791666330770795,43.37878827785,,,,,,,,,,0,0,0.17796069115029634,0,0,0.3987855009242639,-8.333341666855176e-05
,8,,p2,10,0,0.3347060180630024,90,6,21.804408008298424,43.378938278,0.2905,0.2865000069,,,,90,6,21.804408008298424,,0,0,-1.0812628461324647,0,0,4.009503273354782,0.0,,10,0,0.8753374411291759,90,6,19.79965637161399,43.378938278,,,,,,,,,,0,0,-0.15381624968668786,0,0,-0.24256741211050847,4.444448888563102e-05
,,,p5,290,25,1.5752855372056729,90,2,32.99793178397749,63.8974563837,0.289,0.2865000069,,,,90,2,32.99793178397749,,0,0,-2.872400333555302,0,0,4.411265863045668,0.0,,290,25,3.011485704178085,90,2,30.792298852462636,63.8974563837,,,,,,,,,,0,0,1.15394158308622,0,0,0.5843814276372911,7.222228889247617e-05
,,,p2-1,10,0,0.6491567151790889,90,6,22.13181213522489,43.378938278,0.2905,0.2865000069,,,,90,6,22.13181213522489,,0,0,-0.5798537286401355,0,0,2.984264053896492,0.0,,10,0,0.939083579513067,90,6,20.639680108276934,43.378938278,,,,,,,,,,0,0,-0.03546150384196071,0,0,0.24679927841489105,6.666673333199924e-05
p1,0,R,p2,190,0,1.4949682849987767,269,53,40.82303855727332,43.3788382779,0.2905,0.2865000069,,10,0,1.4949682850179613,90,6,19.176961442777838,,
,,,p5,110,25,0.9447319192588566,269,57,29.77790168318279,63.8972563835,0.2905,0.2865000069,,290,25,0.9447319192076975,90,2,30.22209831681721,,
,,,p2-1,190,0,0.7031176938085082,269,53,40.16598201689703,43.3788382779,0.2905,0.2865000069,,10,0,0.7031176938085082,90,6,19.83401798300065,,
,1,,p2,190,0,0.34258743896771193,269,53,40.50549388818581,43.3788382779,0.2905,0.2865000069,,10,0,0.34258743900608124,90,6,19.49450611186535,,
,,,p5,110,25,2.28130723729123,269,57,29.762019293098092,63.8973563836,0.289,0.2865000069,,290,25,2.2813072374447074,90,2,30.237980706953067,,
,,,p2-1,189,59,59.61084241233493,269,53,41.11882228957711,43.3788382779,0.2905,0.2865000069,,9,59,59.61084241236051,90,6,18.88117771047405,,
,2,,p2,189,59,59.31949337351398,269,53,42.2106644148198,43.378938278,0.2905,0.2865000069,,9,59,59.31949337352677,90,6,17.78933558507788,,
,,,p5,110,25,2.785748447450942,269,57,32.604018299507516,63.8975563838,0.289,0.2865000069,,290,25,2.785748447604419,90,2,27.395981700441325,,
,,,p2-1,190,0,0.5703656645096089,269,53,39.84189875324773,43.3788382779,0.2905,0.2865000069,,10,0,0.5703656645160038,90,6,20.15810124664995,,
,3,,p2,190,0,0.33052094785261943,269,53,41.20000811714817,43.3787382778,0.2905,0.2865000069,,10,0,0.33052094784622454,90,6,18.79999188280067,,
,,,p5,110,25,0.8052350307991674,269,57,31.22173470033431,63.8974563837,0.289,0.2865000069,,290,25,0.8052350307480083,90,2,28.778265299563373,,
,,,p2-1,190,0,0.3044903292447998,269,53,40.14455110363542,43.3788382779,0.2905,0.2865000069,,10,0,0.3044903292511947,90,6,19.85544889631342,,
,4,,p2,190,0,1.1347474273634361,269,53,40.919487980722806,43.3788382779,0.2905,0.2865000069,,10,0,1.1347474273506464,90,6,19.080512019226035,,
,,,p5,110,25,1.4805047535105587,269,57,30.567112084968358,63.8976563839,0.289,0.2865000069,,290,25,1.4805047534082405,90,2,29.4328879150828,,
,,,p2-1,190,0,0.972829554564214,269,53,39.91854675554805,43.378938278,0.2905,0.2865000069,,10,0,0.9728295544235266,90,6,20.081453244554268,,
,5,,p2,190,0,1.0140825157009203,269,53,41.691722788841616,43.378938278,0.2905,0.2865000069,,10,0,1.0140825157009203,90,6,18.308277211209543,,
,,,p5,110,25,2.7783435408878177,269,57,32.617631776752205,63.8973563836,0.289,0.2865000069,,290,25,2.778343540990136,90,2,27.382368223196636,,
,,,p2-1,190,0,1.8859225987853279,269,53,41.523286948104214,43.3788382779,0.2905,0.2865000069,,10,0,1.8859225987917227,90,6,18.476713052049263,,
,6,,p2,190,0,1.6943850997336085,269,53,41.974181814380245,43.378938278,0.2905,0.2865000069,,10,0,1.694385099708029,90,6,18.025818185568596,,
,,,p5,110,25,1.9451781090992881,269,57,33.68703229123639,63.8972563835,0.289,0.2865000069,,290,25,1.9451781088946518,90,2,26.31296770876361,,
,,,p2-1,190,0,1.6975409512497208,269,53,41.163788017179286,43.378938278,0.2905,0.2865000069,,10,0,1.6975409512305362,90,6,18.836211982923032,,
,7,,p2,190,0,1.5131195879234838,269,53,42.0714150440017,43.3790382781,0.2905,0.2865000069,,10,0,1.513119587910694,90,6,17.928584955947144,,
,,,p5,110,25,5.240856556736162,269,57,31.43596132809307,63.8972563835,0.289,0.2865000069,,290,25,5.24085655683848,90,2,28.56403867185577,,
,,,p2-1,190,0,1.6669725068595653,269,53,40.28023209302319,43.378938278,0.2905,0.2865000069,,10,0,1.6669725068915398,90,6,19.719767906925654,,
,8,,p2,190,0,1.4159688641825596,269,53,42.2050952651216,43.378938278,0.2905,0.2865000069,,10,0,1.4159688641953494,90,6,17.79490473492956,,
,,,p5,110,25,4.447685870843543,269,57,31.41333407905222,63.8974563837,0.289,0.2865000069,,290,25,4.447685870741225,90,2,28.58666592094778,,
,,,p2-1,190,0,1.229010443955758,269,53,40.85245191872218,43.378938278,0.2905,0.2865000069,,10,0,1.2290104438214655,90,6,19.147548081328978,,
p2,0,L,p1,10,0,0.9651337718779018,89,53,32.8439505665483,43.3789250206,0.29,0.288500011,,,,89,53,32.8439505665483,,0,0,-2.99684410172567,0,0,-7.589076179198245,0.00010000019999978349,,10,0,2.4635558227323884,89,53,36.63848865613886,43.378875020500004,,10,0,2.156833180369233,89,53,37.24932469110172,43.378880576077776,,0,0,0.30672264236522606,0,0,-0.610836034944536,-5.555577772042852e-06
,,,p3,94,13,40.757474546434196,89,51,1.2672256032283258,51.7770492245,0.289,0.288500011,,,,89,51,1.2672256032283258,,0,0,-0.15635082848987536,0,0,-5.145848922636782,-0.00010000030000156812,,94,13,40.83564996068503,89,51,3.8401500645159103,51.77709922465,,94,13,41.67433526794866,89,51,4.388302224875815,51.777277002961114,,0,0,-0.8386853072783391,0,0,-0.5481521603607551,-0.0001777783111123199
,,,p4,107,56,30.111501897621338,90,2,56.422683276183534,69.4518001642,0.289,0.288500011,,,,90,2,56.422683276183534,,0,0,-1.5754526955015455,0,0,-5.7894776240847134,-0.00020000060000313624,,107,56,30.89922824533687,90,2,59.31742208822925,69.45190016449999,,107,56,31.090809289153185,90,2,59.88064418454428,69.45185571992221,,0,0,-0.19158104383237462,0,0,-0.5632220963443783,4.444457778163269e-05
,,,p1-1,10,0,1.0673586098484122,89,53,34.62393333851537,43.3788250204,0.29,0.288500011,,,,89,53,34.62393333851537,,0,0,-1.1515166391650773,0,0,-7.592727066204499,0.0,,10,0,1.6431169294357062,89,53,38.42029687160789,43.3788250204,,10,0,1.9897300394191575,89,53,37.12088130438474,43.37883613151667,,0,0,-0.3466131099807772,0,0,1.299415567215311,-1.1111116670292631e-05
,1,,p1,10,0,1.47471097570957,89,53,33.471304974740406,43.3788250204,0.29,0.288500011,,,,89,53,33.471304974740406,,0,0,-2.331310077902468,0,0,-6.335914348710712,0.0,,10,0,2.6403660146662844,89,53,36.6392621491525,43.3788250204,,,,,,,,,,0,0,0.48353283429938193,0,0,-0.6100625419487102,-5.555567777548731e-05
,,,p3,94,13,43.40337760159059,89,51,2.3252196738974362,51.7772492251,0.289,0.288500011,,,,89,51,2.3252196738974362,,0,0,1.3186694274962922,0,0,-5.849871959267115,0.0,,94,13,42.74404288776282,89,51,5.25015565351282,51.7772492251,,,,,,,,,,0,0,1.0697076198235156,0,0,0.8618534286297886,-2.777786111352043e-05
,,,p4,107,56,29.16798479435215,90,2,57.626712829669486,69.4520001648,0.289,0.288500011,,,,90,2,57.626712829669486,,0,0,-2.270070056967381,0,0,-4.170855809969869,0.00020000060000313624,,107,56,30.303019822800934,90,2,59.71214073468218,69.45190016449999,,,,,,,,,,0,0,-0.7877894663393262,0,0,-0.1685034498658461,4.444457778163269e-05
,,,p1-1,10,0,2.7155381706478465,89,53,33.29742374307443,43.3788250204,0.29,0.288500011,,,,89,53,33.29742374307443,,0,0,3.485295578842793,0,0,-7.780118642750239,0.0,,10,0,0.9728903812295187,89,53,37.18748306444695,43.3788250204,,,,,,,,,,0,0,-1.0168396581908632,0,0,0.066601760036253,-1.1111116670292631e-05
,2,,p1,10,0,1.108364053330746,89,53,34.98634060311019,43.3788250204,0.29,0.288500011,,,,89,53,34.98634060311019,,0,0,-1.3901443934708975,0,0,-3.415245945242422,-0.0002000005000013516,,10,0,1.803436250070689,89,53,36.69396357577284,43.37892502065,,,,,,,,,,0,0,-0.3533969302982721,0,0,-0.5553611152943628,4.4444572225188494e-05
,,,p3,94,13,44.08037994861161,89,51,5.767449266462563,51.7773492254,0.289,0.288500011,,,,89,51,5.767449266462563,,0,0,1.9962493160678307,0,0,0.9855580813264091,0.0,,94,13,43.08225529056358,89,51,5.274670225772979,51.7773492254,,,,,,,,,,0,0,1.4079200226269069,0,0,0.8863680009112014,7.222243888804769e-05
,,,p4,107,56,31.258334220322013,90,2,59.518243608896455,69.4521001651,0.289,0.288500011,,,,90,2,59.518243608896455,,0,0,0.6634486439399402,0,0,0.424105278799787,0.0003000009000118098,,107,56,30.92660989832666,90,2,59.306190969487034,69.45195016465,,,,,,,,,,0,0,-0.16419939082750384,0,0,-0.5744532150577999,9.444472779307489e-05
,,,p1-1,10,0,1.8755453736837069,89,53,35.274286272619975,43.3788250204,0.29,0.288500011,,,,89,53,35.274286272619975,,0,0,-0.7342635626173424,0,0,-3.578690177725062,0.0,,10,0,2.2426771549987734,89,53,37.06363136143523,43.3788250204,,,,,,,,,,0,0,0.25294711557869426,0,0,-0.057249942954754655,-1.1111116670292631e-05
,3,,p1,10,0,3.539648577527288,89,53,36.70681597851171,43.3789250206,0.29,0.288500011,,,,89,53,36.70681597851171,,0,0,1.6496625620848349,0,0,-1.1833369827616655,0.0,,10,0,2.7148172964842843,89,53,37.29848446991582,43.3789250206,,,,,,,,,,0,0,0.5579841161142997,0,0,0.04915977881352409,4.444452222429618e-05
,,,p3,94,13,40.768427207650575,89,51,4.656630778927138,51.7773492254,0.289,0.288500011,,,,89,51,4.656630778927138,,0,0,1.9110000715081497,0,0,-0.9489170305308412,0.00010000030000156812,,94,13,39.81292717189831,89,51,5.1310892941296515,51.777299225250005,,,,,,,,,,0,0,-1.8614080960296033,0,0,0.7427870692648548,2.2222288890816344e-05
,,,p4,107,56,31.533264580579043,90,3,1.6229490653427092,69.4519001645,0.289,0.288500011,,,,90,3,1.6229490653427092,,0,0,0.9797969773956976,0,0,0.8979986710204167,-0.0001000002999944627,,107,56,31.043366091878397,90,3,1.1739497298390233,69.45195016465,,,,,,,,,,0,0,-0.04744319725468151,0,0,1.29330554528629,9.444472779307489e-05
,,,p1-1,10,0,0.06429285706701648,89,53,35.79085585345865,43.3789250206,0.29,0.288500011,,,,89,53,35.79085585345865,,0,0,-1.9956553586791639,0,0,-2.756704298351323,0.0,,10,0,1.0621205364110153,89,53,37.169208002547975,43.3789250206,,,,,,,,,,0,0,-0.9276095030106811,0,0,0.04832669815627446,8.888908332949086e-05
,4,,p1,10,0,2.4747033828745657,89,53,35.72681063105961,43.3790250209,0.29,0.288500011,,,,89,53,35.72681063105961,,0,0,1.7055396981347446,0,0,-1.9787765815275535,0.0002000005000013516,,10,0,1.6219335338092833,89,53,36.71619892183003,43.37892502065,,,,,,,,,,0,0,-0.5348996465620608,0,0,-0.5331257692647645,4.4444572225188494e-05
,,,p3,94,13,41.669103110662036,89,51,4.922237969926755,51.7773492254,0.289,0.288500011,,,,89,51,4.922237969926755,,0,0,2.563869436261927,0,0,1.4780978122005821,0.00010000030000156812,,94,13,40.387168392488775,89,51,4.183189063783175,51.777299225250005,,,,,,,,,,0,0,-1.2871668754651424,0,0,-0.2051131611040271,2.2222288890816344e-05
,,,p4,107,56,31.036331409333116,90,3,0.321933799979206,69.4517001639,0.289,0.288500011,,,,90,3,0.321933799979206,,0,0,-0.5502341024797879,0,0,1.504479080949782,-0.00020000060000313624,,107,56,31.31144846057282,90,2,59.569694259510015,69.4518001642,,,,,,,,,,0,0,0.22063917143871034,0,0,-0.31094992502976826,-5.5555722212830005e-05
,,,p1-1,10,0,2.0286144864030575,89,53,34.38068525254721,43.3788250204,0.29,0.288500011,,,,89,53,34.38068525254721,,0,0,0.3200383680413231,0,0,-3.4153903307103417,-0.00010000019999978349,,10,0,1.8685953023876323,89,53,36.0883804178809,43.378875020500004,,,,,,,,,,0,0,-0.1211347370333695,0,0,-1.0325008865134104,3.888898333315183e-05
,5,,p1,10,0,2.0150216356668693,89,53,39.86545208896473,43.3791250212,0.29,0.288500011,,,,89,53,39.86545208896473,,0,0,0.6169565566752461,0,0,3.4704714552445393,0.00020000059999603081,,10,0,1.7065433573343114,89,53,38.130216361339535,43.3790250209,,,,,,,,,,0,0,-0.4502898230348018,0,0,0.8808916702644273,0.0001444448222258643
,,,p3,94,13,39.99134517659513,89,51,3.9406856364473697,51.7773492254,0.289,0.288500011,,,,89,51,3.9406856364473697,,0,0,-1.1675846675443755,0,0,0.35888434702664956,0.0,,94,13,40.57513751036595,89,51,3.7612434629431846,51.7773492254,,,,,,,,,,0,0,-1.0991977575973246,0,0,-0.627058761924145,7.222243888804769e-05
,,,p4,107,56,30.11080059722758,90,3,0.25889927517937394,69.4519001645,0.289,0.288500011,,,,90,3,0.25889927517937394,,0,0,-0.8749567868918743,0,0,0.9165006242518402,0.00010000030000867355,,107,56,30.548278990758035,90,2,59.80064896303816,69.45185016434999,,,,,,,,,,0,0,-0.5425302983761763,0,0,-0.07999522151001137,-5.555572215598659e-06
,,,p1-1,10,0,0.7430897079487409,89,53,37.551841636714016,43.3788250204,0.29,0.288500011,,,,89,53,37.551841636714016,,0,0,-1.3031625247217078,0,0,1.3673542378151486,0.00010000030000156812,,10,0,1.3946709703084537,89,53,36.86816451785376,43.37877502025,,,,,,,,,,0,0,-0.5950590691091713,0,0,-0.25271678655461915,-6.111126666752398e-05
,6,,p1,10,0,2.5405637355085275,89,53,38.14437854567359,43.3788250204,0.29,0.288500011,,,,89,53,38.14437854567359,,0,0,0.16117321427556908,0,0,1.7901145845957553,0.0,,10,0,2.459977128373936,89,53,37.249321253365224,43.3788250204,,,,,,,,,,0,0,0.3031439480070613,0,0,-3.4377012552379694e-06,-5.555567777548731e-05
,,,p3,94,13,42.84076971603781,89,51,5.605077611013485,51.7772492251,0.289,0.288500011,,,,89,51,5.605077611013485,,0,0,1.6206411037746973,0,0,3.2856994417716816,0.0,,94,13,42.03044916415706,89,51,3.962227890124268,51.7772492251,,,,,,,,,,0,0,0.35611389621583533,0,0,-0.4260743347586436,-2.777786111352043e-05
,,,p4,107,56,30.774189467055066,90,3,0.6589498668984106,69.4518001642,0.289,0.288500011,,,,90,3,0.6589498668984106,,0,0,0.008392872196439194,0,0,1.111482745654318,0.0001000002999944627,,107,56,30.769993031062768,90,3,0.10320849402887688,69.45175016405,,,,,,,,,,0,0,-0.32081625807066544,0,0,0.22256430946903666,-0.00010555587221006135
,,,p1-1,10,0,3.241802197302235,89,53,36.453481543481985,43.3789250206,0.29,0.288500011,,,,89,53,36.453481543481985,,0,0,1.1950343026670887,0,0,0.2212438417879326,0.00010000019999978349,,10,0,2.644285045967365,89,53,36.34285962259128,43.378875020500004,,,,,,,,,,0,0,0.6545550065490483,0,0,-0.7780216818183456,3.888898333315183e-05
,7,,p1,10,0,0.7986574467558682,89,53,37.52925564045995,43.3788250204,0.29,0.288500011,,,,89,53,37.52925564045995,,0,0,-1.6839892365122484,0,0,0.319198998364527,-0.00010000019999978349,,10,0,1.6406520650207312,89,53,37.36965614135215,43.378875020500004,,,,,,,,,,0,0,-0.5161811153463082,0,0,0.12033145028125677,-5.555577772042852e-06
,,,p3,94,13,41.60157201302013,89,51,0.9534968329057847,51.7772492251,0.289,0.288500011,,,,89,51,0.9534968329057847,,0,0,-2.2049316310777693,0,0,-4.3425712612719805,0.0,,94,13,42.7040378285551,89,51,3.124782463557949,51.7772492251,,,,,,,,,,0,0,1.0297025605936567,0,0,-1.2635197613115317,-2.777786111352043e-05
,,,p4,107,56,32.22922266332034,90,3,1.0673541832670708,69.4518001642,0.289,0.288500011,,,,90,3,1.0673541832670708,,0,0,-0.08211612476233672,0,0,1.7369807705985905,0.0,,107,56,32.2702807257167,90,3,0.19886379794343156,69.4518001642,,,,,,,,,,0,0,1.1794714365730092,0,0,0.3182196134030851,-5.5555722212830005e-05
,,,p1-1,10,0,2.3454578552822625,89,53,37.35345614604853,43.3787250201,0.29,0.288500011,,,,89,53,37.35345614604853,,0,0,0.10251150340290183,0,0,-0.10799604197992024,-0.00010000030000156812,,10,0,2.2942021035817106,89,53,37.407454167027936,43.37877502025,,,,,,,,,,0,0,0.30447206416011346,0,0,0.2865728626305646,-6.111126666752398e-05
,8,,p1,10,0,3.1688050823767355,89,53,38.15339231767439,43.3788250204,0.29,0.288500011,,,,89,53,38.15339231767439,,0,0,1.6171758550636295,0,0,-0.7098767466241939,0.00020000060000313624,,10,0,2.36021715484398,89,53,38.50833069104851,43.3787250201,,,,,,,,,,0,0,0.2033839744726487,0,0,1.2590059999776206,-0.00015555597777705543
,,,p3,94,13,43.11062596203328,89,51,5.346999085448942,51.7772492251,0.289,0.288500011,,,,89,51,5.346999085448942,,0,0,0.42655351405835384,0,0,0.7595743595905085,-0.00020000060000313624,,94,13,42.89734920501019,89,51,4.967211905644717,51.7773492254,,,,,,,,,,0,0,1.223013937064695,0,0,0.578909680744857,7.222243888804769e-05
,,,p4,107,56,31.913224980157793,90,3,0.7888966948780762,69.4518001642,0.289,0.288500011,,,,90,3,0.7888966948780762,,0,0,0.33633328780641675,0,0,2.0904361424708515,0.0,,107,56,31.74505833628359,90,2,59.74367862357781,69.4518001642,,,,,,,,,,0,0,0.6542490471470082,0,0,-0.13696556099180773,-5.5555722212830005e-05
,,,p1-1,10,0,3.710188319330854,89,53,37.19073384040257,43.3789250206,0.29,0.288500011,,,,89,53,37.19073384040257,,0,0,-0.1496472222817857,0,0,-0.6994397473431295,0.0002000005000013516,,10,0,3.785011930471427,89,53,37.540453714121895,43.37882502035,,,,,,,,,,0,0,1.7952818910541817,0,0,0.41957240971112714,-1.1111166671184947e-05
p2,0,R,p1,190,0,3.961977873586875,270,6,19.56697325416826,43.3788250204,0.29,0.288500011,,10,0,3.9619778735996647,89,53,40.43302674572942,,
,,,p3,274,13,40.91382537498703,270,8,53.586925474196505,51.7771492248,0.29,0.288500011,,94,13,40.91382537498703,89,51,6.413074525854654,,
,,,p4,287,56,31.686954593001246,269,56,57.787839099673874,69.4520001648,0.29,0.288500011,,107,56,31.686954593103565,90,3,2.2121609002749665,,
,,,p1-1,190,0,2.2188752489910257,270,6,17.783339595248435,43.3788250204,0.29,0.288500011,,10,0,2.2188752490102104,89,53,42.216660404751565,,
,1,,p1,190,0,3.8060210535718397,270,6,20.19278067658888,43.3788250204,0.29,0.288500011,,10,0,3.806021053610209,89,53,39.80721932346228,,
,,,p3,274,13,42.08470817408852,270,8,51.82490836682064,51.7772492251,0.289,0.288500011,,94,13,42.08470817403736,89,51,8.175091633179363,,
,,,p4,287,56,31.438054851300876,269,56,58.20243136030513,69.4518001642,0.289,0.288500011,,107,56,31.438054851300876,90,3,1.797568639643714,,
,,,p1-1,189,59,59.23024259177282,270,6,18.92245761418053,43.3788250204,0.29,0.288500011,,9,59,59.230242591804796,89,53,41.07754238581947,,
,2,,p1,190,0,2.4985084468426066,270,6,21.59841345161567,43.3790250209,0.29,0.288500011,,10,0,2.4985084468042373,89,53,38.40158654838433,,
,,,p3,274,13,42.08413063251555,270,8,55.218108814865445,51.7773492254,0.289,0.288500011,,94,13,42.08413063251555,89,51,4.781891185134555,,
,,,p4,287,56,30.594885576433626,269,57,0.9058616698712285,69.4518001642,0.289,0.288500011,,107,56,30.594885576382467,90,2,59.09413833012877,,
,,,p1-1,190,0,2.609808936256286,270,6,21.1470235496472,43.3788250204,0.29,0.288500011,,10,0,2.60980893630105,89,53,38.8529764503528,,
,3,,p1,190,0,1.8899860153965164,270,6,22.10984703878239,43.3789250206,0.29,0.288500011,,10,0,1.8899860154412806,89,53,37.89015296126877,,
,,,p3,274,13,38.857427136094884,270,8,54.3944521904632,51.7772492251,0.289,0.288500011,,94,13,38.85742713614604,89,51,5.6055478094344835,,
,,,p4,287,56,30.55346760312659,269,56,59.27504960576698,69.4520001648,0.289,0.288500011,,107,56,30.55346760322891,90,3,0.7249503943864966,,
,,,p1-1,190,0,2.0599482157422244,270,6,21.452439848158065,43.3789250206,0.29,0.288500011,,10,0,2.0599482157486193,89,53,38.54756015173962,,
,4,,p1,190,0,0.7691636847312111,270,6,22.29441278745071,43.3788250204,0.29,0.288500011,,10,0,0.769163684737606,89,53,37.70558721260045,,
,,,p3,274,13,39.10523367441783,270,8,56.555859842360405,51.7772492251,0.289,0.288500011,,94,13,39.105233674315514,89,51,3.4441401576907538,,
,,,p4,287,56,31.586565511761364,269,57,1.1825452809080161,69.4519001645,0.289,0.288500011,,107,56,31.586565511812523,90,2,58.817454718989666,,
,,,p1-1,190,0,1.7085761183466275,270,6,22.203924416785412,43.3789250206,0.29,0.288500011,,10,0,1.7085761183594173,89,53,37.79607558326575,,
,5,,p1,190,0,1.3980650790017535,270,6,23.60501936633682,43.3789250206,0.29,0.288500011,,10,0,1.3980650789953586,89,53,36.39498063371434,,
,,,p3,274,13,41.158929844136765,270,8,56.41819871061216,51.7773492254,0.289,0.288500011,,94,13,41.158929844136765,89,51,3.5818012894389994,,
,,,p4,287,56,30.985757384032695,269,57,0.6576013491030608,69.4518001642,0.289,0.288500011,,107,56,30.985757384135013,90,2,59.34239865099926,,
,,,p1-1,190,0,2.0462522327193255,270,6,23.81551260110882,43.3787250201,0.29,0.288500011,,10,0,2.0462522326681665,89,53,36.1844873989935,,
,6,,p1,190,0,2.3793905212073696,270,6,23.64573603894314,43.3788250204,0.29,0.288500011,,10,0,2.379390521232949,89,53,36.35426396105686,,
,,,p3,274,13,41.22012861227631,270,8,57.68062183071379,51.7772492251,0.289,0.288500011,,94,13,41.22012861227631,89,51,2.3193781692350512,,
,,,p4,287,56,30.765796594814674,269,57,0.45253287878949777,69.4517001639,0.289,0.288500011,,107,56,30.765796594865833,90,2,59.5474671212105,,
,,,p1-1,190,0,2.0467678946261003,270,6,23.76776229824827,43.3788250204,0.29,0.288500011,,10,0,2.04676789463889,89,53,36.23223770164941,,
,7,,p1,190,0,2.4826466832791994,270,6,22.789943357806806,43.3789250206,0.29,0.288500011,,10,0,2.4826466832664096,89,53,37.210056642090876,,
,,,p3,274,13,43.80650364414123,270,8,54.703931905892205,51.7772492251,0.289,0.288500011,,94,13,43.80650364409007,89,51,5.2960680942101135,,
,,,p4,287,56,32.31133878811306,269,57,0.6696265872778895,69.4518001642,0.289,0.288500011,,107,56,32.31133878811306,90,2,59.33037341267095,,
,,,p1-1,190,0,2.242946351861974,270,6,22.5385478119415,43.3788250204,0.29,0.288500011,,10,0,2.2429463518811588,89,53,37.4614521880585,,
,8,,p1,190,0,1.5516292273559884,270,6,21.136730935986634,43.3786250198,0.29,0.288500011,,10,0,1.5516292273112242,89,53,38.86326906426916,,
,,,p3,274,13,42.68407244798709,270,8,55.41257527410835,51.7774492257,0.289,0.288500011,,94,13,42.68407244798709,89,51,4.587424725840492,,
,,,p4,287,56,31.576891692307072,269,57,1.3015394477224618,69.4518001642,0.289,0.288500011,,107,56,31.57689169235823,90,2,58.6984605523287,,
,,,p1-1,190,0,3.859835541618395,270,6,22.1098264122611,43.3787250201,0.29,0.288500011,,10,0,3.859835541612,89,53,37.89017358779006,,
p3,0,L,p2,10,0,2.6586709635637362,90,8,54.98013900261299,51.777282985,0.287,0.2865000069,,,,90,8,54.98013900261299,,0,0,-1.217108847517129,0,0,2.7904163890222384,-0.00010000059999981659,,10,0,3.267225387319428,90,8,53.584930808132185,51.7773329853,,10,0,8.539280496407287,90,8,50.34682774326711,51.77732187412222,,0,0,-5.272055109084997,0,0,3.238103064856097,1.1111177776967907e-05
,,,p4,236,22,13.793361314315007,90,29,25.580869234872807,22.7467243206,0.2865,0.2865000069,,,,90,29,25.580869234872807,,0,0,-2.529650104868013,0,0,2.0436346579082123,0.00010000059999981659,,236,22,15.058186366893551,90,29,24.559051905933984,22.7466743203,,236,22,17.39171397772907,90,29,24.69023517677215,22.746613208855553,,0,0,-2.3335276109071366,0,0,-0.13118327085711853,6.111144444531647e-05
,,,p5,128,49,46.018466749396794,90,11,48.928695501629136,28.9308581195,0.2865,0.2865000069,,,,90,11,48.928695501629136,,0,0,-1.8573548061203438,0,0,-6.642568236295133,0.0003000016000029859,,128,49,46.94714415240696,90,11,52.24997961986105,28.9307081187,,128,49,49.162374313480086,90,11,52.52925414602828,28.930691451949997,,0,0,-2.2152301610584884,0,0,-0.2792745261361209,1.6666750003224706e-05
,,,p2-1,10,0,8.579254709121642,90,8,49.74781966249793,51.7773829856,0.287,0.2865000069,,,,90,8,49.74781966249793,,0,0,4.174632561238277,0,0,1.0528004082764195,0.00010000059999981659,,10,0,6.491938428502664,90,8,49.22141945840622,51.7773329853,,10,0,8.325513380801652,90,8,49.95146050858466,51.77733854088889,,0,0,-1.833574952302063,0,0,-0.7300410501989639,-5.555588892036667e-06
,1,,p2,10,0,15.599951798793654,90,8,48.26739526865936,51.7774829861,0.287,0.2865000069,,,,90,8,48.26739526865936,,0,0,11.973669897288035,0,0,-2.022566599944616,0.0,,10,0,9.613116850152181,90,8,49.27867856865305,51.7774829861,,,,,,,,,,0,0,1.0738363537448663,0,0,-1.0681491746292133,0.00016111197777490815
,,,p4,236,22,12.86721170779856,90,29,24.493812453002874,22.7468243211,0.2865,0.2865000069,,,,90,29,24.493812453002874,,0,0,-2.503124450971493,0,0,0.6319995769966917,0.00010000050000158467,,236,22,14.118773933278135,90,29,24.17781266449083,22.74677432085,,,,,,,,,,0,0,-3.2729400445294674,0,0,-0.5124225122771117,0.00016111199444779345
,,,p5,128,49,46.191131018711076,90,11,51.072137488730505,28.9305581179,0.2865,0.2865000069,,,,90,11,51.072137488730505,,0,0,-2.3039799910347245,0,0,-3.4268380273966423,-0.0003000016000029859,,128,49,47.34312101420301,90,11,52.785556502416284,28.9307081187,,,,,,,,,,0,0,-1.8192532992951438,0,0,0.2563023564126193,1.6666750003224706e-05
,,,p2-1,10,0,2.387494622789177,90,8,48.91463360413695,51.7774829861,0.287,0.2865000069,,,,90,8,48.91463360413695,,0,0,-2.9522702771460416,0,0,-1.6182463267194382,0.0,,10,0,3.863629761366383,90,8,49.723756767538134,51.7774829861,,,,,,,,,,0,0,-4.461883619439683,0,0,-0.22770374104179866,0.00014444521110590358
,2,,p2,10,0,5.798887626833249,90,8,50.255416724224915,51.777282985,0.287,0.2865000069,,,,90,8,50.255416724224915,,0,0,0.2182673126799786,0,0,2.9310064810053396,-0.00020000109999784854,,10,0,5.689753970487743,90,8,48.78991348372324,51.77738298555,,,,,,,,,,0,0,-2.8495265259171427,0,0,-1.5569142595573484,6.111142777598388e-05
,,,p4,236,22,15.241299001222615,90,29,25.682495904934513,22.7465243195,0.2865,0.2865000069,,,,90,29,25.682495904934513,,0,0,0.20913399247060704,0,0,2.6552716879624154,-0.0003000015999994332,,236,22,15.136732004957594,90,29,24.35486006098472,22.746674320300002,,,,,,,,,,0,0,-2.2549819727845457,0,0,-0.33537511579614526,6.111144444886918e-05
,,,p5,128,49,45.76552421740189,90,11,51.51228595879843,28.9308581195,0.2865,0.2865000069,,,,90,11,51.51228595879843,,0,0,-2.078800702109747,0,0,-0.7926508133041126,0.00010000050000158467,,128,49,46.80492456845741,90,11,51.90861136544186,28.930808119250003,,,,,,,,,,0,0,-2.3574497450083656,0,0,-0.6206427805530093,0.00011666730000570169
,,,p2-1,10,0,5.691815565906921,90,8,46.68119828211388,51.777282985,0.287,0.2865000069,,,,90,8,46.68119828211388,,0,0,0.07122113229393968,0,0,-4.191626676028742,-0.00010000059999981659,,10,0,5.656204999756653,90,8,48.77701162018411,51.7773329853,,,,,,,,,,0,0,-2.6693083810447233,0,0,-1.174448888400125,-5.555588892036667e-06
,3,,p2,10,0,7.569237832369424,90,8,53.602867638342104,51.777282985,0.287,0.2865000069,,,,90,8,53.602867638342104,,0,0,1.8722016615576498,0,0,5.963057879811333,0.0,,10,0,6.63313700159236,90,8,50.62133869844388,51.777282985,,,,,,,,,,0,0,-1.9061434948124272,0,0,0.2745109551828635,-3.8889122222940387e-05
,,,p4,236,22,14.96521355797313,90,29,27.0718956398332,22.746424319,0.2865,0.2865000069,,,,90,29,27.0718956398332,,0,0,-0.10810127977119839,0,0,5.120796170000476,-0.00010000050000158467,,236,22,15.019264197853772,90,29,24.511497554821062,22.746474319249998,,,,,,,,,,0,0,-2.3724497799519995,0,0,-0.1787376219790523,-0.00013888960555519247
,,,p5,128,49,45.91700509119846,90,11,52.658912016746626,28.930758119,0.2865,0.2865000069,,,,90,11,52.658912016746626,,0,0,-1.2286184237248488,0,0,0.03797756152526323,0.00010000059999981659,,128,49,46.531314303056206,90,11,52.63992323599723,28.9307081187,,,,,,,,,,0,0,-2.6310600104169604,0,0,0.11066909000330309,1.6666750003224706e-05
,,,p2-1,10,0,5.9456656629585325,90,8,51.10128806816306,51.7774829861,0.287,0.2865000069,,,,90,8,51.10128806816306,,0,0,1.2842438313019644,0,0,0.9476878628804456,0.00010000049999803196,,10,0,5.30354374730635,90,8,50.627444136723625,51.77743298585,,,,,,,,,,0,0,-3.0219696334960777,0,0,0.6759836281138286,9.44449611068876e-05
,4,,p2,10,0,5.473216124248381,90,8,49.79490991780267,51.7773829856,0.287,0.2865000069,,,,90,8,49.79490991780267,,0,0,-0.7186080637816205,0,0,-0.7413733824877696,0.00010000059999981659,,10,0,5.8325201561387985,90,8,50.16559660902658,51.7773329853,,,,,,,,,,0,0,-2.706760340265635,0,0,-0.18123113423497586,1.1111177776967907e-05
,,,p4,236,22,15.599704728565484,90,29,26.661016145769736,22.74662432,0.2865,0.2865000069,,,,90,29,26.661016145769736,,0,0,-0.03813625738244985,0,0,4.510169837534707,0.0,,236,22,15.618772857094427,90,29,24.40593122702012,22.74662432,,,,,,,,,,0,0,-1.7729411206384311,0,0,-0.2843039497573157,1.1111144445408172e-05
,,,p5,128,49,47.002638645913066,90,11,54.43435696298252,28.9309581201,0.2865,0.2865000069,,,,90,11,54.43435696298252,,0,0,0.22053622552460234,0,0,4.138068127100503,0.0004000022000028025,,128,49,46.89237053306442,90,11,52.36532289941579,28.930758119,,,,,,,,,,0,0,-2.270003780400996,0,0,-0.16393124660299624,6.6667050003133e-05
,,,p2-1,10,0,6.192255238827471,90,8,47.79298621430826,51.7773829856,0.287,0.2865000069,,,,90,8,47.79298621430826,,0,0,-1.2210485053504432,0,0,-0.11785549970990686,0.00010000059999981659,,10,0,6.802779491503941,90,8,47.85191396415598,51.7773329853,,,,,,,,,,0,0,-1.5227338893024518,0,0,-2.0995465444294967,-5.555588892036667e-06
,5,,p2,10,0,8.317050887414013,90,8,51.23764973157677,51.7773829856,0.287,0.2865000069,,,,90,8,51.23764973157677,,0,0,-3.433754214366535,0,0,2.8270077656094585,-0.00010000049999803196,,10,0,10.033927994604142,90,8,49.824145848778016,51.77743298585,,,,,,,,,,0,0,1.4946474981970597,0,0,-0.5226818944895895,0.00011111172777589218
,,,p4,236,22,14.43391666999105,90,29,26.50058337948508,22.74662432,0.2865,0.2865000069,,,,90,29,26.50058337948508,,0,0,-7.320294615439413,0,0,3.9596078166714395,0.0,,236,22,18.094063977712267,90,29,24.520779471138212,22.74662432,,,,,,,,,,0,0,0.7023499999591228,0,0,-0.16945570566274354,1.1111144445408172e-05
,,,p5,128,49,47.13943346540418,90,11,52.92255969206053,28.930758119,0.2865,0.2865000069,,,,90,11,52.92255969206053,,0,0,-5.6735631189103755,0,0,1.905746634927319,0.00010000059999981659,,128,49,49.97621502480797,90,11,51.969686374607136,28.9307081187,,,,,,,,,,0,0,0.8138407112796249,0,0,-0.5595677714078736,1.6666750003224706e-05
,,,p2-1,10,0,10.981249630830803,90,8,50.8306480158933,51.7773829856,0.287,0.2865000069,,,,90,8,50.8306480158933,,0,0,-1.2832579709150274,0,0,0.6248009352584496,0.00010000059999981659,,10,0,11.622878616287124,90,8,50.51824754828658,51.7773329853,,,,,,,,,,0,0,3.2973652354847696,0,0,0.5667870396742472,-5.555588892036667e-06
,6,,p2,10,0,10.975020433679106,90,8,50.28272618464598,51.777282985,0.287,0.2865000069,,,,90,8,50.28272618464598,,0,0,-0.7947404038092184,0,0,-1.3868378406341915,0.00010000049999803196,,10,0,11.372390635580842,90,8,50.976145104881425,51.77723298475,,,,,,,,,,0,0,2.8331101391753064,0,0,0.629317361602028,-8.888937222195636e-05
,,,p4,236,22,21.111904784122544,90,29,26.24207169779197,22.74662432,0.2865,0.2865000069,,,,90,29,26.24207169779197,,0,0,0.8292897587658593,0,0,3.747959499010828,0.0003000015999994332,,236,22,20.697259904641214,90,29,24.368091948301753,22.746474319199997,,,,,,,,,,0,0,3.305545926867796,0,0,-0.3221432284797824,-0.0001388896555560848
,,,p5,128,49,51.91931095296013,90,11,52.31213962444144,28.9306581184,0.2865,0.2865000069,,,,90,11,52.31213962444144,,0,0,-2.364601217660172,0,0,0.9020827142930247,0.00010000050000158467,,128,49,53.10161156183767,90,11,51.86109826732036,28.930608118149998,,,,,,,,,,0,0,3.9392372483191553,0,0,-0.6681558787102803,-8.333379999925228e-05
,,,p2-1,10,0,10.551166883322338,90,8,50.82338749472342,51.7771829845,0.287,0.2865000069,,,,90,8,50.82338749472342,,0,0,-2.0736234554396025,0,0,4.077488153439719,-0.00010000049999803196,,10,0,11.587978611046168,90,8,48.784643417969846,51.77723298475,,,,,,,,,,0,0,3.2624652302426203,0,0,-1.1668170906245243,-0.00010555613889096094
,7,,p2,10,0,12.010737905286817,90,8,51.83406441881402,51.7771829845,0.287,0.2865000069,,,,90,8,51.83406441881402,,0,0,0.44979955769928837,0,0,1.4809236399593775,-0.00010000049999803196,,10,0,11.785838126435522,90,8,51.09360259882692,51.77723298475,,,,,,,,,,0,0,3.246557630030607,0,0,0.7467748555741164,-8.888937222195636e-05
,,,p4,236,22,20.69166086791256,90,29,27.65182976904498,22.7467243206,0.2865,0.2865000069,,,,90,29,27.65182976904498,,0,0,-2.3709912159656485,0,0,5.3414788861436175,0.00010000059999981659,,236,22,21.87715647594814,90,29,24.981090325966306,22.7466743203,,,,,,,,,,0,0,4.485442498205768,0,0,0.2908551491792904,6.111144444531647e-05
,,,p5,128,49,52.8496271085919,90,11,54.984753971975806,28.930758119,0.2865,0.2865000069,,,,90,11,54.984753971975806,,0,0,-0.4791965031014089,0,0,3.355829475927481,0.00020000110000140126,,128,49,53.08922536015416,90,11,53.30683923400784,28.930658118449998,,,,,,,,,,0,0,3.9268510466867785,0,0,0.7775850879881321,-3.3333499999343985e-05
,,,p2-1,10,0,10.358989963338416,90,8,50.37014120947106,51.7773829856,0.287,0.2865000069,,,,90,8,50.37014120947106,,0,0,-1.2360027038269732,0,0,-0.9120368831451823,0.0,,10,0,10.976991315255447,90,8,50.8261596510647,51.7773829856,,,,,,,,,,0,0,2.651477934450554,0,0,0.8746991424518812,4.4444711107871626e-05
,8,,p2,10,0,11.417045913469082,90,8,49.41864165827042,51.7771829845,0.287,0.2865000069,,,,90,8,49.41864165827042,,0,0,-2.4171368638014017,0,0,1.2630873781947607,0.0,,10,0,12.625614345367353,90,8,48.78709796914336,51.7771829845,,,,,,,,,,0,0,4.0863338489609875,0,0,-1.5597297741207783,-0.00013888962222097234
,,,p4,236,22,20.168841463503213,90,29,30.076616951837423,22.746424319,0.2865,0.2865000069,,,,90,29,30.076616951837423,,0,0,-1.4727492377790974,0,0,7.487231039025313,-0.00020000099999961662,,236,22,20.905216082308016,90,29,26.333001432343508,22.746524319499997,,,,,,,,,,0,0,3.513502104511694,0,0,1.6427662555383789,-8.88893555561765e-05
,,,p5,128,49,50.726914734511865,90,11,57.05243489570876,28.9306581184,0.2865,0.2865000069,,,,90,11,57.05243489570876,,0,0,-2.0970551374157944,0,0,6.752330160955546,0.00020000099999961662,,128,49,51.775442303332966,90,11,53.67626981518697,28.9305581179,,,,,,,,,,0,0,2.6130679898027953,0,0,1.1470156691894258,-0.00013333404999826826
,,,p2-1,10,0,10.948762923848676,90,8,53.62277219214889,51.7771829845,0.287,0.2865000069,,,,90,8,53.62277219214889,,0,0,-3.3498250647333108,0,0,0.7804483581068377,0.0,,10,0,12.623675456209327,90,8,53.232548013086216,51.7771829845,,,,,,,,,,0,0,4.298162075407055,0,0,3.2810875045007517,-0.00015555638888997692
p3,0,R,p2,190,0,3.87577981106233,269,51,7.810277386502094,51.7773829856,0.287,0.2865000069,,10,0,3.8757798110815145,90,8,52.189722613600225,,
,,,p4,56,22,16.32301141924188,269,30,36.46276542310716,22.74662432,0.287,0.2865000069,,236,22,16.32301141916514,90,29,23.53723457699516,,
,,,p5,308,49,47.87582155541713,269,48,4.42873626211167,28.9305581179,0.287,0.2865000069,,128,49,47.87582155551945,90,11,55.57126373793949,,
,,,p2-1,190,0,4.404622147922055,269,51,11.304980745685498,51.777282985,0.287,0.2865000069,,10,0,4.404622147883686,90,8,48.6950192543145,,
,1,,p2,190,0,3.626281901472339,269,51,9.710038131302099,51.7774829861,0.287,0.2865000069,,10,0,3.6262819015043135,90,8,50.28996186859558,,
,,,p4,56,22,15.37033615868097,269,30,36.138187123970056,22.7467243206,0.2865,0.2865000069,,236,22,15.37033615875771,90,29,23.861812876029944,,
,,,p5,308,49,48.49511101000189,269,48,5.501024483846777,28.9308581195,0.2865,0.2865000069,,128,49,48.49511100969494,90,11,54.49897551615322,,
,,,p2-1,190,0,5.339764899918009,269,51,9.467120069111843,51.7774829861,0.287,0.2865000069,,10,0,5.339764899937194,90,8,50.53287993088816,,
,2,,p2,190,0,5.580620314174212,269,51,12.675589756727277,51.7774829861,0.287,0.2865000069,,10,0,5.580620314155027,90,8,47.324410243221564,,
,,,p4,56,22,15.032165008794891,269,30,36.97277578296507,22.7468243211,0.2865,0.2865000069,,236,22,15.032165008794891,90,29,23.027224216983768,,
,,,p5,308,49,47.84432491961525,269,48,7.695063227965875,28.930758119,0.2865,0.2865000069,,128,49,47.84432491951293,90,11,52.304936772085284,,
,,,p2-1,190,0,5.620594433651149,269,51,9.127175041899136,51.7773829856,0.287,0.2865000069,,10,0,5.62059443361278,90,8,50.87282495815202,,
,3,,p2,190,0,5.6970361708408745,269,51,12.360190241556666,51.777282985,0.287,0.2865000069,,10,0,5.697036170815295,90,8,47.63980975854565,,
,,,p4,56,22,15.073314837657676,269,30,38.04890053008876,22.7465243195,0.2865,0.2865000069,,236,22,15.073314837734415,90,29,21.951099469808923,,
,,,p5,308,49,47.14562351501627,269,48,7.379065544701007,28.9306581184,0.2865,0.2865000069,,128,49,47.14562351491395,90,11,52.620934455196675,,
,,,p2-1,190,0,4.661421831622192,269,51,9.846399794664649,51.7773829856,0.287,0.2865000069,,10,0,4.661421831654167,90,8,50.15360020528419,,
,4,,p2,190,0,6.191824188169903,269,51,9.463716699647193,51.777282985,0.287,0.2865000069,,10,0,6.191824188029216,90,8,50.53628330030165,,
,,,p4,56,22,15.637840985853586,269,30,37.84915369203645,22.74662432,0.2865,0.2865000069,,236,22,15.637840985930325,90,29,22.150846308219343,,
,,,p5,308,49,46.782102420420415,269,48,9.703711164202105,28.9305581179,0.2865,0.2865000069,,128,49,46.782102420420415,90,11,50.296288835849055,,
,,,p2-1,190,0,7.413303744135646,269,51,12.089158285893973,51.777282985,0.287,0.2865000069,,10,0,7.413303744174016,90,8,47.91084171400371,,
,5,,p2,190,0,11.750805101826245,269,51,11.589358034020734,51.7774829861,0.287,0.2865000069,,10,0,11.75080510178148,90,8,48.410641965979266,,
,,,p4,56,22,21.754211285510223,269,30,37.459024437157495,22.74662432,0.2865,0.2865000069,,236,22,21.754211285433485,90,29,22.540975562791346,,
,,,p5,308,49,52.81299658421176,269,48,8.98318694284626,28.9306581184,0.2865,0.2865000069,,128,49,52.81299658431408,90,11,51.01681305710258,,
,,,p2-1,190,0,12.264507601730656,269,51,9.7941529193713,51.777282985,0.287,0.2865000069,,10,0,12.264507601743446,90,8,50.2058470806287,,
,6,,p2,190,0,11.76976083744421,269,51,8.330435974780812,51.7771829845,0.287,0.2865000069,,10,0,11.769760837488974,90,8,51.66956402521919,,
,,,p4,56,22,20.28261502533894,269,30,37.50588780123962,22.7463243184,0.2865,0.2865000069,,236,22,20.28261502536452,90,29,22.494112198811536,,
,,,p5,308,49,54.28391217061289,269,48,8.589943089800727,28.9305581179,0.2865,0.2865000069,,128,49,54.28391217061289,90,11,51.410056910148114,,
,,,p2-1,190,0,12.624790338725234,269,51,13.254100658732568,51.777282985,0.287,0.2865000069,,10,0,12.624790338763603,90,8,46.74589934126743,,
,7,,p2,190,0,11.560938347724914,269,51,9.646859221211344,51.777282985,0.287,0.2865000069,,10,0,11.560938347584226,90,8,50.353140778839816,,
,,,p4,56,22,23.06265208395814,269,30,37.68964911701005,22.74662432,0.2865,0.2865000069,,236,22,23.062652083881403,90,29,22.31035088298995,,
,,,p5,308,49,53.32882361202337,269,48,8.371075503960128,28.9305581179,0.2865,0.2865000069,,128,49,53.328823611716416,90,11,51.62892449603987,,
,,,p2-1,190,0,11.594992667153292,269,51,8.717821907443977,51.7773829856,0.287,0.2865000069,,10,0,11.594992667166082,90,8,51.28217809260718,,
,8,,p2,190,0,13.83418277725923,269,51,11.844445720034855,51.7771829845,0.287,0.2865000069,,10,0,13.83418277727202,90,8,48.15555428006746,,
,,,p4,56,22,21.641590701291875,269,30,37.410614087252725,22.74662432,0.2865,0.2865000069,,236,22,21.641590701317455,90,29,22.589385912798434,,
,,,p5,308,49,52.82396987205175,269,48,9.699895265334817,28.9304581174,0.2865,0.2865000069,,128,49,52.82396987194943,90,11,50.30010473471634,,
,,,p2-1,190,0,14.298587988582767,269,51,7.157676165925295,51.7771829845,0.287,0.2865000069,,10,0,14.298587988582767,90,8,52.842323834023546,,
p4,0,L,p3,10,0,0.6174331879819306,89,30,45.593528748821655,22.7464250455,0.286,0.2870000005,,,,89,30,45.593528748821655,,0,0,1.33448993812769,0,0,1.526260644459691,-0.00020000109999784854,,9,59,59.95018821891932,89,30,44.83039842659764,22.74652504605,,9,59,58.43481569136259,89,30,44.075653728191355,22.746475045755556,,0,0,1.5153725275541041,0,0,0.754744698431014,5.00002944434641e-05
,,,p5,51,14,21.47040515312483,89,52,11.722828097383626,41.8453300392,0.2865,0.2870000005,,,,89,52,11.722828097383626,,0,0,-0.07747516653548242,0,0,-8.600619415396121,0.0,,51,14,21.509142736352374,89,52,16.023137805096894,41.8453300392,,51,14,21.806588046130173,89,52,15.779810650933541,41.84544670652778,,0,0,-0.2974453097803576,0,0,0.24332715416391332,-0.00011666732778081723
,,,p2,337,20,28.35231577637387,89,56,59.92337903942598,69.4524818059,0.287,0.2870000005,,,,89,56,59.92337903942598,,0,0,-2.5152321950007974,0,0,0.15321770873833115,-0.00010000049999803196,,337,20,29.609931874188078,89,56,59.84677018507455,69.45253180615,,337,20,30.3876911408679,89,56,58.66076588386818,69.45238736091112,,0,0,-0.7777592666684636,0,0,1.1860043012066228,0.00014444523888812455
,,,p3-1,9,59,58.72062202973453,89,30,46.30281153812348,22.7464250455,0.286,0.2870000005,,,,89,30,46.30281153812348,,0,0,-0.4542178352022656,0,0,1.3455107947666465,-0.00010000049999803196,,9,59,58.94773094733296,89,30,45.63005614069766,22.74647504575,,9,59,58.37854092263285,89,30,44.646405635802466,22.746497268094444,,0,0,0.5691900246998247,0,0,0.9836505048890567,-2.222234444460014e-05
,1,,p3,9,59,59.88393491048626,89,30,44.287521875179436,22.746525046,0.286,0.2870000005,,,,89,30,44.287521875179436,,0,0,0.08089495170011912,0,0,0.500526389425449,0.0,,9,59,59.84348743464082,89,30,44.0372586804358,22.746525046,,,,,,,,,,0,0,1.408671743276241,0,0,-0.03839504773812811,5.0000244442571784e-05
,,,p5,51,14,23.723910040792475,89,52,13.565329732192595,41.8456300409,0.2865,0.2870000005,,,,89,52,13.565329732192595,,0,0,1.525326136913616,0,0,-2.288730705964391,0.00010000059999981659,,51,14,22.961246972375307,89,52,14.709695085160774,41.8455800406,,,,,,,,,,0,0,1.154658926259277,0,0,-1.0701155657616024,0.0001333340722169396
,,,p2,337,20,31.09677215575175,89,56,54.98515206009188,69.4524818059,0.287,0.2870000005,,,,89,56,54.98515206009188,,0,0,-1.4360134756781582,0,0,-4.869701600084632,0.0,,337,20,31.814778893567564,89,56,57.42000286017742,69.4524818059,,,,,,,,,,0,0,1.427087752642359,0,0,-1.240763023691024,9.444498888910857e-05
,,,p3-1,9,59,59.1935253510178,89,30,44.916361389988424,22.746525046,0.286,0.2870000005,,,,89,30,44.916361389988424,,0,0,0.023058300063455966,0,0,1.4867403076104186,0.0,,9,59,59.18199620098633,89,30,44.17299123622911,22.746525046,,,,,,,,,,0,0,0.8034552783532387,0,0,-0.4734143995558684,2.7777905554415838e-05
,2,,p3,9,59,59.25348653018844,89,30,43.53686236576664,22.7464250455,0.286,0.2870000005,,,,89,30,43.53686236576664,,0,0,-0.8756168343608276,0,0,0.9248130959901754,-0.00010000049999803196,,9,59,59.6912949473689,89,30,43.07445581777074,22.74647504575,,,,,,,,,,0,0,1.2564792560065299,0,0,-1.0011979104006126,-5.5564441936439835e-12
,,,p5,51,14,22.4255143384147,89,52,15.692662437884337,41.8457300414,0.2865,0.2870000005,,,,89,52,15.692662437884337,,0,0,-1.0128241833904361,0,0,-0.36085606794937375,0.0003000016000029859,,51,14,22.93192643011878,89,52,15.873090471818614,41.8455800406,,,,,,,,,,0,0,1.125338383983959,0,0,0.09327982090208765,0.0001333340722169396
,,,p2,337,20,32.13104577384911,89,57,0.20963333756640168,69.4525818064,0.287,0.2870000005,,,,89,57,0.20963333756640168,,0,0,-0.1714039485501201,0,0,0.7118653099884894,0.00010000049999803196,,337,20,32.21674774813437,89,56,59.85370068256884,69.45253180615,,,,,,,,,,0,0,1.829056607156562,0,0,1.1929347986745573,0.00014444523888812455
,,,p3-1,9,59,58.785698576106995,89,30,44.283396579004375,22.746525046,0.286,0.2870000005,,,,89,30,44.283396579004375,,0,0,-1.2396123378742847,0,0,-0.7476644590950322,-0.00010000059999981659,,9,59,59.40550474504306,89,30,44.65722880853491,22.7465750463,,,,,,,,,,0,0,1.0269638224097521,0,0,0.01082317272953483,7.777820555432413e-05
,3,,p3,9,59,59.198991368384526,89,30,45.37880708552393,22.746525046,0.286,0.2870000005,,,,89,30,45.37880708552393,,0,0,0.616874050717296,0,0,3.6744467221190873,-0.00010000059999981659,,9,59,58.890554343024206,89,30,43.541583724481825,22.7465750463,,,,,,,,,,0,0,0.4557386516593341,0,0,-0.5340700036976663,0.00010000054444248008
,,,p5,51,14,22.84862533545663,89,52,14.135775680334746,41.8452300387,0.2865,0.2870000005,,,,89,52,14.135775680334746,,0,0,0.5414430110946886,0,0,-1.9585420040550967,-0.0003000015999958805,,51,14,22.577903829904358,89,52,15.115046682363982,41.8453800395,,,,,,,,,,0,0,0.7713157837788859,0,0,-0.6647639685572577,-6.666702778090894e-05
,,,p2,337,20,30.763798879229398,89,56,58.933266716493335,69.4524818059,0.287,0.2870000005,,,,89,56,58.933266716493335,,0,0,4.044133029107301,0,0,2.1253774007005632,0.00010000059999981659,,337,20,28.741732364642303,89,56,57.870578016140826,69.45243180560001,,,,,,,,,,0,0,-1.6459587762705983,0,0,-0.7901878677307885,4.4444688896305706e-05
,,,p3-1,9,59,57.4214837740675,89,30,45.56605427669069,22.7464250455,0.286,0.2870000005,,,,89,30,45.56605427669069,,0,0,-1.4856243722822293,0,0,1.9101813283079596,-0.00010000049999803196,,9,59,58.1642959602091,89,30,44.61096361249588,22.74647504575,,,,,,,,,,0,0,-0.21424496242551602,0,0,-0.035442023292489425,-2.222234444460014e-05
,4,,p3,9,59,57.35351952040574,89,30,45.35036316878518,22.746525046,0.286,0.2870000005,,,,89,30,45.35036316878518,,0,0,-0.5512860530042618,0,0,2.8474692343417605,0.0,,9,59,57.62916254690879,89,30,43.92662855163394,22.746525046,,,,,,,,,,0,0,-0.8056531444540128,0,0,-0.14902517656233866,5.0000244442571784e-05
,,,p5,51,14,20.342363554204326,89,52,15.720157536587749,41.8455300403,0.2865,0.2870000005,,,,89,52,15.720157536587749,,0,0,-2.873745265459983,0,0,-1.057226680275975,-0.00010000059999981659,,51,14,21.779236186933417,89,52,16.248770876670733,41.8455800406,,,,,,,,,,0,0,-0.027351859197058848,0,0,0.4689602257459812,0.0001333340722169396
,,,p2,337,20,29.78424731427367,89,56,59.219252870368564,69.4521818042,0.287,0.2870000005,,,,89,56,59.219252870368564,,0,0,-0.5925760564660122,0,0,1.9278994751191918,-0.0002000011000120594,,337,20,30.080535342472103,89,56,58.25530313282684,69.45228180475,,,,,,,,,,0,0,-0.30715579842548446,0,0,-0.40546275107159685,-0.00010555616111673771
,,,p3-1,9,59,57.84261462899195,89,30,46.00987426028382,22.7466250466,0.286,0.2870000005,,,,89,30,46.00987426028382,,0,0,-0.7798687112162132,0,0,3.616465685048854,0.00010000059999981659,,9,59,58.232548984587,89,30,44.20164141772034,22.7465750463,,,,,,,,,,0,0,-0.1459919380473697,0,0,-0.4447642180708194,7.777820555432413e-05
,5,,p3,9,59,56.80099798391453,89,30,46.143987637276496,22.7464250455,0.286,0.2870000005,,,,89,30,46.143987637276496,,0,0,-1.8315304523540152,0,0,4.657834812316262,0.00010000059999981659,,9,59,57.716763210099344,89,30,43.815070231113395,22.7463750452,,,,,,,,,,0,0,-0.7180524812635076,0,0,-0.2605834970456601,-0.00010000055555536846
,,,p5,51,14,20.99479976286659,89,52,17.5055650729621,41.8455300403,0.2865,0.2870000005,,,,89,52,17.5055650729621,,0,0,-1.4077387814511164,0,0,4.22020277291975,0.00020000109999784854,,51,14,21.69866915361979,89,52,15.395463686489848,41.84543003975,,,,,,,,,,0,0,-0.10791889249652276,0,0,-0.384346964437317,-1.666677778189296e-05
,,,p2,337,20,28.92742330911915,89,56,59.70178875809552,69.4523818053,0.287,0.2870000005,,,,89,56,59.70178875809552,,0,0,-2.8310648662608706,0,0,2.108236795303009,0.00010000050001224281,,337,20,30.34295574227599,89,56,58.647670360456914,69.45233180505,,,,,,,,,,0,0,-0.04473539858244896,0,0,-0.013095523441438835,-5.5555861123934847e-05
,,,p3-1,9,59,57.589507085235994,89,30,47.567606703518095,22.746525046,0.286,0.2870000005,,,,89,30,47.567606703518095,,0,0,-1.4451139643497526,0,0,5.323740112758455,0.0,,9,59,58.31206406741231,89,30,44.9057366471493,22.746525046,,,,,,,,,,0,0,-0.0664768552208548,0,0,0.25933101133927294,2.7777905554415838e-05
,6,,p3,9,59,57.48251753023496,89,30,47.2726274041122,22.7466250466,0.286,0.2870000005,,,,89,30,47.2726274041122,,0,0,-0.465995555571518,0,0,7.717608201177194,0.00020000109999784854,,9,59,57.715515308016876,89,30,43.4138233035128,22.74652504605,,,,,,,,,,0,0,-0.7193003833472296,0,0,-0.6618304246782654,5.00002944434641e-05
,,,p5,51,14,19.61138170735012,89,52,15.775436504627578,41.8455300403,0.2865,0.2870000005,,,,89,52,15.775436504627578,,0,0,-2.9961634278144613,0,0,0.7080081581131262,0.0003000015999958805,,51,14,21.10946342124919,89,52,15.421432425584953,41.8453800395,,,,,,,,,,0,0,-0.69712462487028,0,0,-0.35837822533474384,-6.666702778090894e-05
,,,p2,337,20,30.095047124405028,89,56,59.33362670541783,69.4522818048,0.287,0.2870000005,,,,89,56,59.33362670541783,,0,0,-1.839983098612102,0,0,3.2139605420856365,0.0,,337,20,31.01503867374049,89,56,57.72664643435178,69.4522818048,,,,,,,,,,0,0,0.6273475327683838,0,0,-0.934119449530968,-0.00010555611112295082
,,,p3-1,9,59,56.902397762664094,89,30,46.61802541501174,22.7464250455,0.286,0.2870000005,,,,89,30,46.61802541501174,,0,0,-2.0494285937144756,0,0,5.338199275773532,-0.00010000049999803196,,9,59,57.927112059516475,89,30,43.94892577715268,22.74647504575,,,,,,,,,,0,0,-0.4514288631169915,0,0,-0.6974798586639533,-2.222234444460014e-05
,7,,p3,9,59,56.75419649937709,89,30,47.86015207827177,22.7464250455,0.286,0.2870000005,,,,89,30,47.86015207827177,,0,0,-1.0237768446210096,0,0,6.871571845328695,0.0,,9,59,57.266084921689355,89,30,44.424366155573125,22.7464250455,,,,,,,,,,0,0,-1.168730769675475,0,0,0.3487124274013349,-5.000025555546017e-05
,,,p5,51,14,19.840376895243708,89,52,16.29227422962913,41.8454300398,0.2865,0.2870000005,,,,89,52,16.29227422962913,,0,0,-3.0018975894216773,0,0,0.9945099739712164,0.00010000059999981659,,51,14,21.341325689974724,89,52,15.795019242669923,41.8453800395,,,,,,,,,,0,0,-0.4652623561508437,0,0,0.015208591735717432,-6.666702778090894e-05
,,,p2,337,20,29.35307136326628,89,56,59.57728732104442,69.4523818053,0.287,0.2870000005,,,,89,56,59.57728732104442,,0,0,-1.848295570442037,0,0,2.7838159152716067,0.0,,337,20,30.27721914866106,89,56,58.18537936337066,69.4523818053,,,,,,,,,,0,0,-0.11047199227647024,0,0,-0.47538652049568275,-5.555611110708014e-06
,,,p3-1,9,59,56.78391925796106,89,30,47.57872437659785,22.7464250455,0.286,0.2870000005,,,,89,30,47.57872437659785,,0,0,-0.735129874766484,0,0,5.8161560847844385,0.0,,9,59,57.15148419534074,89,30,44.67064633418545,22.7464250455,,,,,,,,,,0,0,-1.2270567272924902,0,0,0.024240698386879804,-7.222259444361612e-05
,8,,p3,9,59,55.574361807646824,89,30,49.25450216845775,22.7462250444,0.286,0.2870000005,,,,89,30,49.25450216845775,,0,0,-3.2718569678984473,0,0,7.274407011963417,-0.00020000110000140126,,9,59,57.21029029159567,89,30,45.61729866244946,22.746325044949998,,,,,,,,,,0,0,-1.2245253997674341,0,0,1.541644934290322,-0.00015000080555793716
,,,p5,51,14,18.654313006374537,89,52,16.91032609508511,41.8454300398,0.2865,0.2870000005,,,,89,52,16.91032609508511,,0,0,-3.39212997647404,0,0,-1.0526269749908832,0.00010000059999981659,,51,14,20.350377994592463,89,52,17.43663958259731,41.8453800395,,,,,,,,,,0,0,-1.456210051527059,0,0,1.6568289316806213,-6.666702778090894e-05
,,,p2,337,20,28.627060498297396,89,57,2.0076024006459647,69.4522818048,0.287,0.2870000005,,,,89,57,2.0076024006459647,,0,0,-1.526439966707609,0,0,3.7335209625696812,0.00010000059999981659,,337,20,29.39028048176624,89,57,0.14084191938536605,69.4522318045,,,,,,,,,,0,0,-0.997410659244639,0,0,1.4800760354849192,-0.0001555564111157537
,,,p3-1,9,59,56.90590426438348,89,30,48.151315478759216,22.7464250455,0.286,0.2870000005,,,,89,30,48.151315478759216,,0,0,-2.356453757763312,0,0,6.263709461495331,0.0,,9,59,58.08413114326129,89,30,45.01946074800571,22.7464250455,,,,,,,,,,0,0,-0.2944097793767685,0,0,0.3730551121925864,-7.222259444361612e-05
p4,0,R,p3,189,59,59.282943249818345,270,29,15.932731895677534,22.7466250466,0.286,0.2870000005,,9,59,59.282943249856714,89,30,44.067268104373625,,
,,,p5,231,14,21.547880319631076,270,7,39.67655248718984,41.8453300392,0.286,0.2870000005,,51,14,21.547880319631076,89,52,20.323447512810162,,
,,,p2,157,20,30.867547971388376,270,3,0.22983866937920538,69.4525818064,0.286,0.2870000005,,337,20,30.867547971388376,89,56,59.77016133072311,,
,,,p3-1,189,59,59.17483986496336,270,29,15.042699256728156,22.746525046,0.286,0.2870000005,,9,59,59.174839864931386,89,30,44.957300743323,,
,1,,p3,189,59,59.80303995873783,270,29,16.21300451425668,22.746525046,0.286,0.2870000005,,9,59,59.803039958788986,89,30,43.78699548574332,,
,,,p5,231,14,22.19858390383024,270,7,44.145939561922205,41.8455300403,0.2865,0.2870000005,,51,14,22.19858390390698,89,52,15.854060438231272,,
,,,p2,157,20,32.53278563158801,270,3,0.14514633973703894,69.4524818059,0.287,0.2870000005,,337,20,32.53278563179265,89,56,59.8548536602118,,
,,,p3-1,189,59,59.17046705094208,270,29,16.570378917581365,22.746525046,0.286,0.2870000005,,9,59,59.17046705095487,89,30,43.429621082367476,,
,2,,p3,190,0,0.12910336454297067,270,29,17.387950730276316,22.746525046,0.286,0.2870000005,,10,0,0.12910336454936555,89,30,42.61204926977484,,
,,,p5,231,14,23.438338521848436,270,7,43.94648149414479,41.8454300398,0.2865,0.2870000005,,51,14,23.438338521797277,89,52,16.05351850580405,,
,,,p2,157,20,32.302449722419624,270,3,0.5022319723775581,69.4524818059,0.287,0.2870000005,,337,20,32.302449722419624,89,56,59.49776802757128,,
,,,p3-1,190,0,0.02531091394075702,270,29,14.968938961883396,22.7466250466,0.286,0.2870000005,,10,0,0.025310913979126326,89,30,45.031061038116604,,
,3,,p3,189,59,58.58211731761912,270,29,18.2956396366626,22.7466250466,0.286,0.2870000005,,9,59,58.58211731766389,89,30,41.70436036343972,,
,,,p5,231,14,22.307182324377663,270,7,43.90568231565794,41.8455300403,0.2865,0.2870000005,,51,14,22.307182324377663,89,52,16.094317684393218,,
,,,p2,157,20,26.719665850259844,270,3,3.1921106844674796,69.4523818053,0.287,0.2870000005,,337,20,26.719665850055208,89,56,56.807889315788316,,
,,,p3-1,189,59,58.9071081463635,270,29,16.344127051647774,22.746525046,0.286,0.2870000005,,9,59,58.90710814635071,89,30,43.655872948352226,,
,4,,p3,189,59,57.90480557354613,270,29,17.49710606546614,22.746525046,0.286,0.2870000005,,9,59,57.904805573411835,89,30,42.50289393443154,,
,,,p5,231,14,23.21610881968809,270,7,43.222615783092806,41.8456300409,0.2865,0.2870000005,,51,14,23.21610881966251,89,52,16.777384216856035,,
,,,p2,157,20,30.376823370875172,270,3,2.708646604714886,69.4523818053,0.287,0.2870000005,,337,20,30.376823370670536,89,56,57.291353395233955,,
,,,p3-1,189,59,58.62248334018204,270,29,17.606591424791986,22.746525046,0.286,0.2870000005,,9,59,58.62248334020123,89,30,42.393408575208014,,
,5,,p3,189,59,58.632528436405664,270,29,18.513847175049705,22.7463250449,0.286,0.2870000005,,9,59,58.63252843627137,89,30,41.486152825001454,,
,,,p5,231,14,22.402538544347408,270,7,46.71463770003356,41.8453300392,0.2865,0.2870000005,,51,14,22.40253854432183,89,52,13.285362300017596,,
,,,p2,157,20,31.75848817553515,270,3,2.40644803718169,69.4522818048,0.287,0.2870000005,,337,20,31.75848817543283,89,56,57.59355196276715,,
,,,p3-1,189,59,59.03462104958862,270,29,17.75613340927066,22.746525046,0.286,0.2870000005,,9,59,59.03462104958862,89,30,42.2438665907805,,
,6,,p3,189,59,57.94851308580519,270,29,20.44498079713776,22.7464250455,0.286,0.2870000005,,9,59,57.94851308580519,89,30,39.55501920296456,,
,,,p5,231,14,22.607545135199416,270,7,44.93257165345767,41.8452300387,0.2865,0.2870000005,,51,14,22.607545135199416,89,52,15.067428346542329,,
,,,p2,157,20,31.935030223075955,270,3,3.8803338367142715,69.4522818048,0.287,0.2870000005,,337,20,31.935030223075955,89,56,56.11966616338805,,
,,,p3-1,189,59,58.95182635642641,270,29,18.72017386070638,22.746525046,0.286,0.2870000005,,9,59,58.951826356381645,89,30,41.27982613924246,,
,7,,p3,189,59,57.77797334398883,270,29,19.011419767125517,22.7464250455,0.286,0.2870000005,,9,59,57.77797334399523,89,30,40.98858023292564,,
,,,p5,231,14,22.84227448470574,270,7,44.70223574428928,41.8453300392,0.2865,0.2870000005,,51,14,22.84227448468016,89,52,15.297764255659558,,
,,,p2,157,20,31.201366933748886,270,3,3.2065285942007904,69.4523818053,0.287,0.2870000005,,337,20,31.201366933851205,89,56,56.79347140574805,,
,,,p3-1,189,59,57.51904913268845,270,29,18.23743170817579,22.7464250455,0.286,0.2870000005,,9,59,57.51904913272682,89,30,41.76256829182421,,
,8,,p3,189,59,58.846218775531725,270,29,18.01990484376347,22.7464250455,0.286,0.2870000005,,9,59,58.846218775544514,89,30,41.980095156492325,,
,,,p5,231,14,22.04644298278481,270,7,42.037046929890494,41.8453300392,0.2865,0.2870000005,,51,14,22.04644298283597,89,52,17.962953070109506,,
,,,p2,157,20,30.153500465030447,270,3,1.7259185618240735,69.4521818042,0.287,0.2870000005,,337,20,30.153500465030447,89,56,58.27408143807361,,
,,,p3-1,189,59,59.26235802208794,270,29,18.11239398269663,22.7464250455,0.286,0.2870000005,,9,59,59.2623580221391,89,30,41.88760601725221,,
p5,0,L,p4,9,59,58.30140943751715,90,7,40.64634562135893,41.8446303695,0.288,0.28549999,,,,90,7,40.64634562135893,,0,0,-1.4349244829081895,0,0,3.498585348280573,-0.00010000049999803196,,9,59,59.01887167896817,90,7,38.897052947253314,41.84468036975,,10,0,0.7384658452863846,90,7,38.15613028266853,41.84455814686111,,0,0,-1.7195941663181178,0,0,0.7409226645826374,0.00012222288889063293
,,,p1,118,34,40.96634641216269,89,57,27.00264786279149,63.8974517781,0.29,0.28549999,,,,89,57,27.00264786279149,,0,0,-2.385928998558789,0,0,-1.5850583194420917,-0.00010000049999803196,,118,34,42.15931091141897,89,57,27.79517702255589,63.89750177835,,118,34,39.68709199057571,89,57,28.258342353130956,63.897362888699995,,0,0,2.472218920829068,0,0,-0.4631653305845562,0.0001388896500031933
,,,p3,41,13,4.186715528332456,89,48,11.330003923644654,28.9304592724,0.286,0.28549999,,,,89,48,11.330003923644654,,0,0,-0.585856034466134,0,0,6.870664280197717,-0.00010000059999981659,,41,13,4.479643545586214,89,48,7.894671783544709,28.9305092727,,41,13,4.810974725269261,89,48,7.134583680648348,28.930509272705553,,0,0,-0.331331179687015,0,0,0.7600881029041195,-5.552891479965183e-12
,,,p4-1,9,59,59.902601875452035,90,7,39.70497367210896,41.84473037,0.288,0.28549999,,,,90,7,39.70497367210896,,0,0,-0.2948370193839528,0,0,1.7227897518996196,-0.00010000059999981659,,10,0,0.05002038513950424,90,7,38.84357879619415,41.8447803703,,10,0,1.4398716107614007,90,7,38.438820783231904,41.84463036947223,,0,0,-1.389851225621767,0,0,0.40475801292527563,0.0001500008277730558
,1,,p4,10,0,2.527981582326788,90,7,36.48301426612079,41.8446303695,0.288,0.28549999,,,,90,7,36.48301426612079,,0,0,0.2514965729277128,0,0,-0.5154102871426001,0.00010000059999981659,,10,0,2.4022332958679726,90,7,36.74071940966883,41.8445803692,,,,,,,,,,0,0,1.6637674505812514,0,0,-1.4154108730022432,2.222233889170866e-05
,,,p1,118,34,41.19239201324149,89,57,29.530340557407726,63.8974517781,0.29,0.28549999,,,,89,57,29.530340557407726,,0,0,0.3654785047758182,0,0,1.6546604864383614,0.00010000059999981659,,118,34,41.00965276082661,89,57,28.703010314181938,63.8974017778,,,,,,,,,,0,0,1.3225607702072588,0,0,0.44466796106167306,3.888910000426904e-05
,,,p3,41,13,3.919169448168418,89,48,6.678485024998508,28.9306592735,0.286,0.28549999,,,,89,48,6.678485024998508,,0,0,-1.0574186345268208,0,0,2.0027323468801397,0.00010000050000158467,,41,13,4.447878765416817,89,48,5.6771188515551785,28.93060927325,,,,,,,,,,0,0,-0.3630959598437982,0,0,-1.4574648291106163,0.00010000054444603279
,,,p4-1,10,0,4.191672256550305,90,7,41.62041054234351,41.84473037,0.288,0.28549999,,,,90,7,41.62041054234351,,0,0,2.786532294668805,0,0,3.8313936132169504,0.00010000049999803196,,10,0,2.7984061092134027,90,7,39.70471373575492,41.84468036975,,,,,,,,,,0,0,1.3585344984520478,0,0,1.265892952512122,5.000027777413152e-05
,2,,p4,10,0,0.47725562565616997,90,7,36.217922737130266,41.8445303689,0.288,0.28549999,,,,90,7,36.217922737130266,,0,0,-2.097323281754802,0,0,0.8160084105316896,0.0,,10,0,1.5259172665331278,90,7,35.80991853191222,41.8445303689,,,,,,,,,,0,0,0.7874514212465791,0,0,-2.3462117507550335,-2.7777961108199634e-05
,,,p1,118,34,42.42024515185449,89,57,27.69054099161849,63.8973517775,0.29,0.28549999,,,,89,57,27.69054099161849,,0,0,2.39984766236561,0,0,0.20847605036982525,0.00010000049999803196,,118,34,41.220321320671474,89,57,27.58630296643105,63.89730177725,,,,,,,,,,0,0,1.53322933009453,0,0,-0.6720393866922,-6.111144999465523e-05
,,,p3,41,13,3.986123004262936,89,48,7.767604454955972,28.930559273,0.286,0.28549999,,,,89,48,7.767604454955972,,0,0,2.1578784181969106,0,0,2.3000424387012584,0.00010000059999981659,,41,13,2.9071837951829593,89,48,6.6175832356077535,28.9305092727,,,,,,,,,,0,0,-1.9037909300769933,0,0,-0.517000445026787,-5.552891479965183e-12
,,,p4-1,10,0,3.2340260141104693,90,7,38.39422270788077,41.84473037,0.288,0.28549999,,,,90,7,38.39422270788077,,0,0,0.8646187095036738,0,0,3.147440142063024,0.00020000109999784854,,10,0,2.8017166593642173,90,7,36.820502636912806,41.84463036945,,,,,,,,,,0,0,1.3618450486028801,0,0,-1.6183181463209009,-2.2225776774575934e-11
,3,,p4,10,0,3.9658122937090923,90,7,39.03302481282822,41.8446303695,0.288,0.28549999,,,,90,7,39.03302481282822,,0,0,1.9477770865794768,0,0,2.095138980076,0.0,,10,0,2.991923750420966,90,7,37.98545532280741,41.8446303695,,,,,,,,,,0,0,2.2534579051294954,0,0,-0.17067495986006354,7.222263889161695e-05
,,,p1,118,34,39.52653555857978,89,57,26.611177886995847,63.8976517792,0.29,0.28549999,,,,89,57,26.611177886995847,,0,0,-0.01635890454018413,0,0,2.0899204805957674,0.00020000109999784854,,118,34,39.53471501085687,89,57,25.566217646700125,63.89755177865,,,,,,,,,,0,0,-0.15237697975798348,0,0,-2.69212470641253,0.0001888899500031016
,,,p3,41,13,5.969255983951598,89,48,6.498168331377201,28.930559273,0.286,0.28549999,,,,89,48,6.498168331377201,,0,0,-0.8394379872942849,0,0,2.0731098988239163,0.00010000059999981659,,41,13,6.3889749775665905,89,48,5.46161338198317,28.9305092727,,,,,,,,,,0,0,1.5780002522922163,0,0,-1.67297029864659,-5.552891479965183e-12
,,,p4-1,10,0,1.0968751036223523,90,7,38.128367999086095,41.8448303706,0.288,0.28549999,,,,90,7,38.128367999086095,,0,0,-1.3694560333986006,0,0,3.889663420902422,0.00030000169999766513,,10,0,1.781603120321762,90,7,36.183536288625646,41.84468036975,,,,,,,,,,0,0,0.3417315095573821,0,0,-2.2552844946170056,5.000027777413152e-05
,4,,p4,9,59,58.30367835038274,90,7,37.7830188339874,41.8445303689,0.288,0.28549999,,,,90,7,37.7830188339874,,0,0,-3.6529724504588024,0,0,0.7925767286642728,0.00010000050000513738,,10,0,0.13016457561079164,90,7,37.38673046968756,41.84448036865,,,,,,,,,,0,0,-0.6083012696781498,0,0,-0.7693998129824403,-7.777821111432104e-05
,,,p1,118,34,37.42100504286782,89,57,28.731724480586536,63.8973517775,0.29,0.28549999,,,,89,57,28.731724480586536,,0,0,-1.727449231206284,0,0,3.4932018367584905,0.00010000049999803196,,118,34,38.284729658486185,89,57,26.985123562240005,63.89730177725,,,,,,,,,,0,0,-1.4023623321038923,0,0,-1.2732187908914077,-6.111144999465523e-05
,,,p3,41,13,5.288705882175009,89,48,11.763490040483475,28.930559273,0.286,0.28549999,,,,89,48,11.763490040483475,,0,0,-0.4127792355591529,0,0,6.8773678864516095,0.00020000110000140126,,41,13,5.495095499942408,89,48,8.324806097273267,28.93045927245,,,,,,,,,,0,0,0.6841207746836473,0,0,1.1902224166143844,-5.000025555190746e-05
,,,p4-1,10,0,0.4733984737782748,90,7,38.81729245193128,41.8444303684,0.288,0.28549999,,,,90,7,38.81729245193128,,0,0,-2.566328198126626,0,0,3.2579774518541433,-0.00010000050000513738,,10,0,1.7565625728430234,90,7,37.188303726030654,41.84448036865,,,,,,,,,,0,0,0.3166909620795698,0,0,-1.2505170572237838,-0.00015000082223082245
,5,,p4,9,59,57.57566671673672,90,7,39.56687938433447,41.8444303684,0.288,0.28549999,,,,90,7,39.56687938433447,,0,0,-5.337042087503581,0,0,1.812783086845912,-0.00020000110000495397,,10,0,0.24418776049515145,90,7,38.66048784088207,41.844530368950004,,,,,,,,,,0,0,-0.4942780847909567,0,0,0.5043575581893527,-2.7777911107307318e-05
,,,p1,118,34,36.916543206289134,89,57,27.65846681424364,63.8973517775,0.29,0.28549999,,,,89,57,27.65846681424364,,0,0,-5.922359728181152,0,0,0.4782085373749253,0.00010000049999803196,,118,34,39.87772307039336,89,57,27.419362545571175,63.89730177725,,,,,,,,,,0,0,0.19063107977524735,0,0,-0.8389798075636037,-6.111144999465523e-05
,,,p3,41,13,5.957808287196258,89,48,9.707999366737567,28.930559273,0.286,0.28549999,,,,89,48,9.707999366737567,,0,0,0.03011255639675363,0,0,5.6186987857311985,0.00020000110000140126,,41,13,5.942752008975276,89,48,6.898649973875308,28.93045927245,,,,,,,,,,0,0,1.1317772837145963,0,0,-0.23593370675920847,-5.000025555190746e-05
,,,p4-1,9,59,59.797654342036424,90,7,42.96047173561874,41.8446303695,0.288,0.28549999,,,,90,7,42.96047173561874,,0,0,-3.3715860017093626,0,0,6.096222438750546,0.00010000059999981659,,10,0,1.4834473428912531,90,7,39.91236051626743,41.8445803692,,,,,,,,,,0,0,0.04357573212670287,0,0,1.4735397330126505,-5.000027222479275e-05
,6,,p4,9,59,57.74272058331661,90,7,39.753198383833706,41.8445303689,0.288,0.28549999,,,,90,7,39.753198383833706,,0,0,-4.3046454793117865,0,0,1.2433272097243246,-0.00010000059999981659,,9,59,59.895043322967325,90,7,39.13153477896458,41.8445803692,,,,,,,,,,0,0,-0.8434225223196898,0,0,0.9754044962604558,2.222233889170866e-05
,,,p1,118,34,39.383346530022436,89,57,30.154766005357487,63.8973517775,0.29,0.28549999,,,,89,57,30.154766005357487,,0,0,-2.881521448589003,0,0,5.546877380299028,0.00010000049999803196,,118,34,40.824107254392175,89,57,27.3813273152075,63.89730177725,,,,,,,,,,0,0,1.137015263784375,0,0,-0.877015037914018,-6.111144999465523e-05
,,,p3,41,13,3.4775152450134783,89,48,9.808800977584724,28.9304592724,0.286,0.28549999,,,,89,48,9.808800977584724,,0,0,-3.087229339910684,0,0,4.253370153714765,0.0,,41,13,5.02112991495494,89,48,7.682115900787494,28.9304592724,,,,,,,,,,0,0,0.2101551896832578,0,0,0.5475322201583293,-5.000030555279977e-05
,,,p4-1,9,59,55.039950321140054,90,7,41.94030663040735,41.8446303695,0.288,0.28549999,,,,90,7,41.94030663040735,,0,0,-7.708241673677889,0,0,5.959943281299898,0.0,,9,59,58.89407115797866,90,7,38.96033498974589,41.8446303695,,,,,,,,,,0,0,-2.5458004527821387,0,0,0.521514206498098,2.7775115540862316e-11
,7,,p4,10,0,0.6279114401358754,90,7,42.21773279477816,41.8444303684,0.288,0.28549999,,,,90,7,42.21773279477816,,0,0,-2.222979801686453,0,0,5.995565213263345,0.0,,10,0,1.7394013409834486,90,7,39.21995018812822,41.8444303684,,,,,,,,,,0,0,1.0009354956972802,0,0,1.0638199054457993,-0.00012777846111333702
,,,p1,118,34,35.61334153391499,89,57,34.99204698850235,63.897251777,0.29,0.28549999,,,,89,57,34.99204698850235,,0,0,-2.749388213766357,0,0,5.516473947770014,-0.00010000049999803196,,118,34,36.988035640840735,89,57,32.233810014666915,63.89730177725,,,,,,,,,,0,0,-2.6990563497503497,0,0,3.9754676615571767,-6.111144999465523e-05
,,,p3,41,13,4.0140100060779105,89,48,11.899006018161344,28.9304592724,0.286,0.28549999,,,,89,48,11.899006018161344,,0,0,-1.1987925327698128,0,0,8.538108973914674,-0.00010000059999981659,,41,13,4.613406272458747,89,48,7.629951531221195,28.9305092727,,,,,,,,,,0,0,-0.19756845280599233,0,0,0.49536785055593824,-5.552891479965183e-12
,,,p4-1,9,59,58.51635799210783,90,7,42.47915281024348,41.8445303689,0.288,0.28549999,,,,90,7,42.47915281024348,,0,0,-7.64838362691015,0,0,5.92153677422172,-0.00020000109999784854,,10,0,2.3405498055652174,90,7,39.51838442309736,41.84463036945,,,,,,,,,,0,0,0.9006781948013448,0,0,1.079563639852247,-2.2225776774575934e-11
,8,,p4,9,59,56.45282299096891,90,7,40.20574336874347,41.8445303689,0.288,0.28549999,,,,90,7,40.20574336874347,,0,0,-4.49125324946596,0,0,1.2648406290555259,-0.00010000059999981659,,9,59,58.69844961570493,90,7,39.573323054200955,41.8445803692,,,,,,,,,,0,0,-2.0400162295820423,0,0,1.417192771526135,2.222233889170866e-05
,,,p1,118,34,34.25906869550545,89,57,34.552125409759356,63.897251777,0.29,0.28549999,,,,89,57,34.552125409759356,,0,0,-6.052327182725406,0,0,7.794751238638653,-0.00010000049999803196,,118,34,37.28523228688573,89,57,30.654749790419373,63.89730177725,,,,,,,,,,0,0,-2.401859703719453,0,0,2.3964074373020656,-6.111144999465523e-05
,,,p3,41,13,3.3322223154794983,89,48,12.878454450664094,28.930559273,0.286,0.28549999,,,,89,48,12.878454450664094,,0,0,-1.3409708636863273,0,0,9.707424160503663,0.0,,41,13,4.0027077473394,89,48,8.024742370396325,28.930559273,,,,,,,,,,0,0,-0.8082669779370193,0,0,0.89015868976843,5.000029444701681e-05
,,,p4-1,9,59,59.68903529506363,90,7,43.483621163652515,41.8445303689,0.288,0.28549999,,,,90,7,43.483621163652515,,0,0,-2.7268640968753446,0,0,9.331898454323056,-0.00010000059999981659,,10,0,1.0524673435035936,90,7,38.81767193645828,41.8445803692,,,,,,,,,,0,0,-0.3874042672618225,0,0,0.3788511532238965,-5.000027222479275e-05
p5,0,R,p4,189,59,59.73633392046395,269,52,22.852239726903463,41.84473037,0.288,0.28549999,,9,59,59.73633392042558,90,7,37.14776027304538,,
,,,p1,298,34,43.35227541067525,270,2,31.41229381767971,63.8975517786,0.288,0.28549999,,118,34,43.352275410726406,89,57,28.58770618226913,,
,,,p3,221,13,4.772571562814392,270,11,55.540660356555236,28.930559273,0.288,0.28549999,,41,13,4.772571562814392,89,48,4.459339643444764,,
,,,p4-1,190,0,0.1974388948269734,269,52,22.0178160796695,41.8448303706,0.288,0.28549999,,10,0,0.19743889483976318,90,7,37.98218392022818,,
,1,,p4,190,0,2.2764850093835776,269,52,23.001575446783136,41.8445303689,0.288,0.28549999,,10,0,2.276485009402762,90,7,36.99842455326802,,
,,,p1,298,34,40.826913508462894,270,2,32.12431992904385,63.8973517775,0.29,0.28549999,,118,34,40.826913508462894,89,57,27.87568007095615,,
,,,p3,221,13,4.976588082690796,270,11,55.32424732183699,28.930559273,0.286,0.28549999,,41,13,4.976588082690796,89,48,4.675752678111849,,
,,,p4-1,190,0,1.4051399618892901,269,52,22.210983071140618,41.8446303695,0.288,0.28549999,,10,0,1.4051399618828952,90,7,37.78901692911518,,
,2,,p4,190,0,2.5745789073653214,269,52,24.59808567330583,41.8445303689,0.288,0.28549999,,10,0,2.5745789074100855,90,7,35.40191432659185,,
,,,p1,298,34,40.02039748948846,270,2,32.517935058654075,63.897251777,0.29,0.28549999,,118,34,40.02039748948846,89,57,27.482064941243607,,
,,,p3,221,13,1.8282445860518237,270,11,54.532437983689306,28.9304592724,0.286,0.28549999,,41,13,1.8282445860774033,89,48,5.467562016259535,,
,,,p4-1,190,0,2.3694073046499398,269,52,24.753217434208636,41.8445303689,0.288,0.28549999,,10,0,2.3694073046179653,90,7,35.246782565791364,,
,3,,p4,190,0,2.0180352071520247,269,52,23.062114167264554,41.8446303695,0.288,0.28549999,,10,0,2.01803520713284,90,7,36.93788583273545,,
,,,p1,298,34,39.54289446313396,270,2,35.4787425935956,63.8974517781,0.29,0.28549999,,118,34,39.54289446313396,89,57,24.521257406404402,,
,,,p3,221,13,6.808693971181583,270,11,55.57494156741086,28.9304592724,0.286,0.28549999,,41,13,6.808693971207163,89,48,4.425058432640299,,
,,,p4-1,190,0,2.4663311370659358,269,52,25.761295421834802,41.8445303689,0.288,0.28549999,,10,0,2.4663311370211716,90,7,34.2387045781652,,
,4,,p4,190,0,1.956650800832449,269,52,23.009557894561112,41.8444303684,0.288,0.28549999,,10,0,1.9566508008452388,90,7,36.99044210533657,,
,,,p1,298,34,39.14845427410455,270,2,34.76147735626,63.897251777,0.29,0.28549999,,118,34,39.14845427410455,89,57,25.238522643842316,,
,,,p3,221,13,5.701485117760967,270,11,55.1138778459881,28.9303592719,0.286,0.28549999,,41,13,5.701485117735388,89,48,4.8861221540119,,
,,,p4-1,190,0,3.039726671920562,269,52,24.44068499997229,41.8445303689,0.288,0.28549999,,10,0,3.039726671901377,90,7,35.55931500007887,,
,5,,p4,190,0,2.9127088042855576,269,52,22.245903702519172,41.8446303695,0.288,0.28549999,,10,0,2.9127088042407934,90,7,37.75409629748083,,
,,,p1,298,34,42.838902934395264,270,2,32.81974172310129,63.897251777,0.29,0.28549999,,118,34,42.83890293444642,89,57,27.18025827694987,,
,,,p3,221,13,5.927695730754294,270,11,55.91069941898695,28.9303592719,0.286,0.28549999,,41,13,5.927695730779874,89,48,4.089300581013049,,
,,,p4-1,190,0,3.169240343720503,269,52,23.135750703186204,41.8445303689,0.288,0.28549999,,10,0,3.1692403437460825,90,7,36.864249296864955,,
,6,,p4,190,0,2.047366062618039,269,52,21.49012882585339,41.8446303695,0.288,0.28549999,,10,0,2.047366062624434,90,7,38.50987117409545,,
,,,p1,298,34,42.264867978710754,270,2,35.39211137484017,63.897251777,0.29,0.28549999,,118,34,42.264867978608436,89,57,24.607888625057512,,
,,,p3,221,13,6.564744584870823,270,11,54.444569176112054,28.9304592724,0.286,0.28549999,,41,13,6.564744584921982,89,48,5.555430823836787,,
,,,p4-1,190,0,2.7481919948172617,269,52,24.019636650864413,41.8446303695,0.288,0.28549999,,10,0,2.7481919948172617,90,7,35.98036334908443,,
,7,,p4,190,0,2.8508912418374166,269,52,23.77783241857287,41.8444303684,0.288,0.28549999,,10,0,2.850891241824627,90,7,36.22216758152945,,
,,,p1,298,34,38.36272974766416,270,2,30.524426959168522,63.8973517775,0.29,0.28549999,,118,34,38.36272974766416,89,57,29.47557304072916,,
,,,p3,221,13,5.212802538865162,270,11,56.639102955718954,28.930559273,0.286,0.28549999,,41,13,5.212802538839583,89,48,3.360897044229887,,
,,,p4-1,190,0,6.164741619022607,269,52,23.4423839639976,41.84473037,0.288,0.28549999,,10,0,6.164741619029002,90,7,36.5576160360024,,
,8,,p4,190,0,0.9440762404665293,269,52,21.0590972602904,41.8446303695,0.288,0.28549999,,10,0,0.9440762404345548,90,7,38.94090273965844,,
,,,p1,298,34,40.31139587826601,270,2,33.24262582892061,63.8973517775,0.29,0.28549999,,118,34,40.31139587826601,89,57,26.75737417118171,,
,,,p3,221,13,4.6731931791737225,270,11,56.8289697099226,28.930559273,0.286,0.28549999,,41,13,4.6731931791737225,89,48,3.171030290128556,,
,,,p4-1,190,0,2.415899391962739,269,52,25.848277290633632,41.8446303695,0.288,0.28549999,,10,0,2.4158993919371596,90,7,34.15172270936637,,
